experiment_id,experiment_type,seed,configuration,config_hash,parameter_key,parameter_json,rho_a,rho_b,appeal_probability,n_per_group,metric,value,dataset,group,model,method
EXP-02,SYNTHETIC EXPERIMENT,1737,full,664a150484ed2af3,46d2cbaef9891999,"{""appeal_probability"": 0.5, ""n_per_group"": 200000.0, ""rho_a"": 0.0, ""rho_b"": 0.0}",0.0,0.0,0.5,200000,theoretical_signed_gap,0.0,synthetic,ALL,not_applicable,not_applicable
EXP-02,SYNTHETIC EXPERIMENT,1737,full,664a150484ed2af3,b45e25ba476fa3e9,"{""appeal_probability"": 0.5, ""n_per_group"": 200000.0, ""rho_a"": 0.0, ""rho_b"": 0.1}",0.0,0.1,0.5,200000,theoretical_signed_gap,-0.015000000000000003,synthetic,ALL,not_applicable,not_applicable
EXP-02,SYNTHETIC EXPERIMENT,1737,full,664a150484ed2af3,821172329304cf7c,"{""appeal_probability"": 0.5, ""n_per_group"": 200000.0, ""rho_a"": 0.0, ""rho_b"": 0.2}",0.0,0.2,0.5,200000,theoretical_signed_gap,-0.030000000000000006,synthetic,ALL,not_applicable,not_applicable
EXP-02,SYNTHETIC EXPERIMENT,1737,full,664a150484ed2af3,cd2268a31bbe1c44,"{""appeal_probability"": 0.5, ""n_per_group"": 200000.0, ""rho_a"": 0.0, ""rho_b"": 0.3}",0.0,0.3,0.5,200000,theoretical_signed_gap,-0.045000000000000005,synthetic,ALL,not_applicable,not_applicable
EXP-02,SYNTHETIC EXPERIMENT,1737,full,664a150484ed2af3,87ebca6abe7c6f2b,"{""appeal_probability"": 0.5, ""n_per_group"": 200000.0, ""rho_a"": 0.0, ""rho_b"": 0.4}",0.0,0.4,0.5,200000,theoretical_signed_gap,-0.06000000000000001,synthetic,ALL,not_applicable,not_applicable
EXP-02,SYNTHETIC EXPERIMENT,1737,full,664a150484ed2af3,84ff48fa0a7a269a,"{""appeal_probability"": 0.5, ""n_per_group"": 200000.0, ""rho_a"": 0.0, ""rho_b"": 0.5}",0.0,0.5,0.5,200000,theoretical_signed_gap,-0.07500000000000001,synthetic,ALL,not_applicable,not_applicable
EXP-02,SYNTHETIC EXPERIMENT,1737,full,664a150484ed2af3,5566f0215f5fa98f,"{""appeal_probability"": 0.5, ""n_per_group"": 200000.0, ""rho_a"": 0.0, ""rho_b"": 0.6}",0.0,0.6,0.5,200000,theoretical_signed_gap,-0.09000000000000001,synthetic,ALL,not_applicable,not_applicable
EXP-02,SYNTHETIC EXPERIMENT,1737,full,664a150484ed2af3,8b7be240f0bbff18,"{""appeal_probability"": 0.5, ""n_per_group"": 200000.0, ""rho_a"": 0.0, ""rho_b"": 0.7}",0.0,0.7,0.5,200000,theoretical_signed_gap,-0.10500000000000001,synthetic,ALL,not_applicable,not_applicable
EXP-02,SYNTHETIC EXPERIMENT,1737,full,664a150484ed2af3,5fd3cf9ab4c1804c,"{""appeal_probability"": 0.5, ""n_per_group"": 200000.0, ""rho_a"": 0.0, ""rho_b"": 0.8}",0.0,0.8,0.5,200000,theoretical_signed_gap,-0.12000000000000002,synthetic,ALL,not_applicable,not_applicable
EXP-02,SYNTHETIC EXPERIMENT,1737,full,664a150484ed2af3,063267931d9ac1a4,"{""appeal_probability"": 0.5, ""n_per_group"": 200000.0, ""rho_a"": 0.0, ""rho_b"": 0.9}",0.0,0.9,0.5,200000,theoretical_signed_gap,-0.13500000000000004,synthetic,ALL,not_applicable,not_applicable
EXP-02,SYNTHETIC EXPERIMENT,1737,full,664a150484ed2af3,f643619a7a803217,"{""appeal_probability"": 0.5, ""n_per_group"": 200000.0, ""rho_a"": 0.0, ""rho_b"": 1.0}",0.0,1.0,0.5,200000,theoretical_signed_gap,-0.15000000000000002,synthetic,ALL,not_applicable,not_applicable
EXP-02,SYNTHETIC EXPERIMENT,1737,full,664a150484ed2af3,3ddbc523ad32b71b,"{""appeal_probability"": 0.5, ""n_per_group"": 200000.0, ""rho_a"": 0.1, ""rho_b"": 0.0}",0.1,0.0,0.5,200000,theoretical_signed_gap,0.015000000000000003,synthetic,ALL,not_applicable,not_applicable
EXP-02,SYNTHETIC EXPERIMENT,1737,full,664a150484ed2af3,75346f0572b8fced,"{""appeal_probability"": 0.5, ""n_per_group"": 200000.0, ""rho_a"": 0.1, ""rho_b"": 0.1}",0.1,0.1,0.5,200000,theoretical_signed_gap,0.0,synthetic,ALL,not_applicable,not_applicable
EXP-02,SYNTHETIC EXPERIMENT,1737,full,664a150484ed2af3,27c459bd3ff84ada,"{""appeal_probability"": 0.5, ""n_per_group"": 200000.0, ""rho_a"": 0.1, ""rho_b"": 0.2}",0.1,0.2,0.5,200000,theoretical_signed_gap,-0.015000000000000003,synthetic,ALL,not_applicable,not_applicable
EXP-02,SYNTHETIC EXPERIMENT,1737,full,664a150484ed2af3,14147eb95808aa69,"{""appeal_probability"": 0.5, ""n_per_group"": 200000.0, ""rho_a"": 0.1, ""rho_b"": 0.3}",0.1,0.3,0.5,200000,theoretical_signed_gap,-0.030000000000000002,synthetic,ALL,not_applicable,not_applicable
EXP-02,SYNTHETIC EXPERIMENT,1737,full,664a150484ed2af3,162e861a609ab552,"{""appeal_probability"": 0.5, ""n_per_group"": 200000.0, ""rho_a"": 0.1, ""rho_b"": 0.4}",0.1,0.4,0.5,200000,theoretical_signed_gap,-0.04500000000000001,synthetic,ALL,not_applicable,not_applicable
EXP-02,SYNTHETIC EXPERIMENT,1737,full,664a150484ed2af3,d19891238f2df6d0,"{""appeal_probability"": 0.5, ""n_per_group"": 200000.0, ""rho_a"": 0.1, ""rho_b"": 0.5}",0.1,0.5,0.5,200000,theoretical_signed_gap,-0.06000000000000001,synthetic,ALL,not_applicable,not_applicable
EXP-02,SYNTHETIC EXPERIMENT,1737,full,664a150484ed2af3,b712ed1f2d0f3801,"{""appeal_probability"": 0.5, ""n_per_group"": 200000.0, ""rho_a"": 0.1, ""rho_b"": 0.6}",0.1,0.6,0.5,200000,theoretical_signed_gap,-0.07500000000000001,synthetic,ALL,not_applicable,not_applicable
EXP-02,SYNTHETIC EXPERIMENT,1737,full,664a150484ed2af3,f14dcec7f839c85a,"{""appeal_probability"": 0.5, ""n_per_group"": 200000.0, ""rho_a"": 0.1, ""rho_b"": 0.7}",0.1,0.7,0.5,200000,theoretical_signed_gap,-0.09000000000000001,synthetic,ALL,not_applicable,not_applicable
EXP-02,SYNTHETIC EXPERIMENT,1737,full,664a150484ed2af3,b5ffe309719df0a3,"{""appeal_probability"": 0.5, ""n_per_group"": 200000.0, ""rho_a"": 0.1, ""rho_b"": 0.8}",0.1,0.8,0.5,200000,theoretical_signed_gap,-0.10500000000000002,synthetic,ALL,not_applicable,not_applicable
EXP-02,SYNTHETIC EXPERIMENT,1737,full,664a150484ed2af3,27fb9de2110f6307,"{""appeal_probability"": 0.5, ""n_per_group"": 200000.0, ""rho_a"": 0.1, ""rho_b"": 0.9}",0.1,0.9,0.5,200000,theoretical_signed_gap,-0.12000000000000002,synthetic,ALL,not_applicable,not_applicable
EXP-02,SYNTHETIC EXPERIMENT,1737,full,664a150484ed2af3,e16b123eef9485e5,"{""appeal_probability"": 0.5, ""n_per_group"": 200000.0, ""rho_a"": 0.1, ""rho_b"": 1.0}",0.1,1.0,0.5,200000,theoretical_signed_gap,-0.13500000000000004,synthetic,ALL,not_applicable,not_applicable
EXP-02,SYNTHETIC EXPERIMENT,1737,full,664a150484ed2af3,467e73a8295d1395,"{""appeal_probability"": 0.5, ""n_per_group"": 200000.0, ""rho_a"": 0.2, ""rho_b"": 0.0}",0.2,0.0,0.5,200000,theoretical_signed_gap,0.030000000000000006,synthetic,ALL,not_applicable,not_applicable
EXP-02,SYNTHETIC EXPERIMENT,1737,full,664a150484ed2af3,c34a187f9d9ec666,"{""appeal_probability"": 0.5, ""n_per_group"": 200000.0, ""rho_a"": 0.2, ""rho_b"": 0.1}",0.2,0.1,0.5,200000,theoretical_signed_gap,0.015000000000000003,synthetic,ALL,not_applicable,not_applicable
EXP-02,SYNTHETIC EXPERIMENT,1737,full,664a150484ed2af3,0c3ef9ffaba300f4,"{""appeal_probability"": 0.5, ""n_per_group"": 200000.0, ""rho_a"": 0.2, ""rho_b"": 0.2}",0.2,0.2,0.5,200000,theoretical_signed_gap,0.0,synthetic,ALL,not_applicable,not_applicable
EXP-02,SYNTHETIC EXPERIMENT,1737,full,664a150484ed2af3,61e9dc20467a050a,"{""appeal_probability"": 0.5, ""n_per_group"": 200000.0, ""rho_a"": 0.2, ""rho_b"": 0.3}",0.2,0.3,0.5,200000,theoretical_signed_gap,-0.015,synthetic,ALL,not_applicable,not_applicable
EXP-02,SYNTHETIC EXPERIMENT,1737,full,664a150484ed2af3,0c35081032c9fcf3,"{""appeal_probability"": 0.5, ""n_per_group"": 200000.0, ""rho_a"": 0.2, ""rho_b"": 0.4}",0.2,0.4,0.5,200000,theoretical_signed_gap,-0.030000000000000006,synthetic,ALL,not_applicable,not_applicable
EXP-02,SYNTHETIC EXPERIMENT,1737,full,664a150484ed2af3,0ec681270423e4ce,"{""appeal_probability"": 0.5, ""n_per_group"": 200000.0, ""rho_a"": 0.2, ""rho_b"": 0.5}",0.2,0.5,0.5,200000,theoretical_signed_gap,-0.045000000000000005,synthetic,ALL,not_applicable,not_applicable
EXP-02,SYNTHETIC EXPERIMENT,1737,full,664a150484ed2af3,fbf9dcf2016f3a09,"{""appeal_probability"": 0.5, ""n_per_group"": 200000.0, ""rho_a"": 0.2, ""rho_b"": 0.6}",0.2,0.6,0.5,200000,theoretical_signed_gap,-0.060000000000000005,synthetic,ALL,not_applicable,not_applicable
EXP-02,SYNTHETIC EXPERIMENT,1737,full,664a150484ed2af3,9990749ae4bdea4c,"{""appeal_probability"": 0.5, ""n_per_group"": 200000.0, ""rho_a"": 0.2, ""rho_b"": 0.7}",0.2,0.7,0.5,200000,theoretical_signed_gap,-0.075,synthetic,ALL,not_applicable,not_applicable
EXP-02,SYNTHETIC EXPERIMENT,1737,full,664a150484ed2af3,5c3176d597806058,"{""appeal_probability"": 0.5, ""n_per_group"": 200000.0, ""rho_a"": 0.2, ""rho_b"": 0.8}",0.2,0.8,0.5,200000,theoretical_signed_gap,-0.09000000000000002,synthetic,ALL,not_applicable,not_applicable
EXP-02,SYNTHETIC EXPERIMENT,1737,full,664a150484ed2af3,8c7936c14178e3d1,"{""appeal_probability"": 0.5, ""n_per_group"": 200000.0, ""rho_a"": 0.2, ""rho_b"": 0.9}",0.2,0.9,0.5,200000,theoretical_signed_gap,-0.10500000000000001,synthetic,ALL,not_applicable,not_applicable
EXP-02,SYNTHETIC EXPERIMENT,1737,full,664a150484ed2af3,4fec8771cc37c134,"{""appeal_probability"": 0.5, ""n_per_group"": 200000.0, ""rho_a"": 0.2, ""rho_b"": 1.0}",0.2,1.0,0.5,200000,theoretical_signed_gap,-0.12000000000000002,synthetic,ALL,not_applicable,not_applicable
EXP-02,SYNTHETIC EXPERIMENT,1737,full,664a150484ed2af3,deaabf9716c5ce53,"{""appeal_probability"": 0.5, ""n_per_group"": 200000.0, ""rho_a"": 0.3, ""rho_b"": 0.0}",0.3,0.0,0.5,200000,theoretical_signed_gap,0.045000000000000005,synthetic,ALL,not_applicable,not_applicable
EXP-02,SYNTHETIC EXPERIMENT,1737,full,664a150484ed2af3,faba27740f5fafe1,"{""appeal_probability"": 0.5, ""n_per_group"": 200000.0, ""rho_a"": 0.3, ""rho_b"": 0.1}",0.3,0.1,0.5,200000,theoretical_signed_gap,0.030000000000000002,synthetic,ALL,not_applicable,not_applicable
EXP-02,SYNTHETIC EXPERIMENT,1737,full,664a150484ed2af3,5af8a72b4eb0d7c1,"{""appeal_probability"": 0.5, ""n_per_group"": 200000.0, ""rho_a"": 0.3, ""rho_b"": 0.2}",0.3,0.2,0.5,200000,theoretical_signed_gap,0.015,synthetic,ALL,not_applicable,not_applicable
EXP-02,SYNTHETIC EXPERIMENT,1737,full,664a150484ed2af3,69258c5a2f136e5d,"{""appeal_probability"": 0.5, ""n_per_group"": 200000.0, ""rho_a"": 0.3, ""rho_b"": 0.3}",0.3,0.3,0.5,200000,theoretical_signed_gap,0.0,synthetic,ALL,not_applicable,not_applicable
EXP-02,SYNTHETIC EXPERIMENT,1737,full,664a150484ed2af3,0178694d93c51081,"{""appeal_probability"": 0.5, ""n_per_group"": 200000.0, ""rho_a"": 0.3, ""rho_b"": 0.4}",0.3,0.4,0.5,200000,theoretical_signed_gap,-0.015000000000000006,synthetic,ALL,not_applicable,not_applicable
EXP-02,SYNTHETIC EXPERIMENT,1737,full,664a150484ed2af3,5b254630bbbc503c,"{""appeal_probability"": 0.5, ""n_per_group"": 200000.0, ""rho_a"": 0.3, ""rho_b"": 0.5}",0.3,0.5,0.5,200000,theoretical_signed_gap,-0.030000000000000006,synthetic,ALL,not_applicable,not_applicable
EXP-02,SYNTHETIC EXPERIMENT,1737,full,664a150484ed2af3,c03d5c2125727b69,"{""appeal_probability"": 0.5, ""n_per_group"": 200000.0, ""rho_a"": 0.3, ""rho_b"": 0.6}",0.3,0.6,0.5,200000,theoretical_signed_gap,-0.045000000000000005,synthetic,ALL,not_applicable,not_applicable
EXP-02,SYNTHETIC EXPERIMENT,1737,full,664a150484ed2af3,664f57afebfd7da9,"{""appeal_probability"": 0.5, ""n_per_group"": 200000.0, ""rho_a"": 0.3, ""rho_b"": 0.7}",0.3,0.7,0.5,200000,theoretical_signed_gap,-0.060000000000000005,synthetic,ALL,not_applicable,not_applicable
EXP-02,SYNTHETIC EXPERIMENT,1737,full,664a150484ed2af3,e112c55e927fd266,"{""appeal_probability"": 0.5, ""n_per_group"": 200000.0, ""rho_a"": 0.3, ""rho_b"": 0.8}",0.3,0.8,0.5,200000,theoretical_signed_gap,-0.07500000000000001,synthetic,ALL,not_applicable,not_applicable
EXP-02,SYNTHETIC EXPERIMENT,1737,full,664a150484ed2af3,eac3d031fb5ed8cd,"{""appeal_probability"": 0.5, ""n_per_group"": 200000.0, ""rho_a"": 0.3, ""rho_b"": 0.9}",0.3,0.9,0.5,200000,theoretical_signed_gap,-0.09000000000000002,synthetic,ALL,not_applicable,not_applicable
EXP-02,SYNTHETIC EXPERIMENT,1737,full,664a150484ed2af3,2213397dc3a8e648,"{""appeal_probability"": 0.5, ""n_per_group"": 200000.0, ""rho_a"": 0.3, ""rho_b"": 1.0}",0.3,1.0,0.5,200000,theoretical_signed_gap,-0.10500000000000001,synthetic,ALL,not_applicable,not_applicable
EXP-02,SYNTHETIC EXPERIMENT,1737,full,664a150484ed2af3,8a9d19d6cc8280fa,"{""appeal_probability"": 0.5, ""n_per_group"": 200000.0, ""rho_a"": 0.4, ""rho_b"": 0.0}",0.4,0.0,0.5,200000,theoretical_signed_gap,0.06000000000000001,synthetic,ALL,not_applicable,not_applicable
EXP-02,SYNTHETIC EXPERIMENT,1737,full,664a150484ed2af3,05988395930b3746,"{""appeal_probability"": 0.5, ""n_per_group"": 200000.0, ""rho_a"": 0.4, ""rho_b"": 0.1}",0.4,0.1,0.5,200000,theoretical_signed_gap,0.04500000000000001,synthetic,ALL,not_applicable,not_applicable
EXP-02,SYNTHETIC EXPERIMENT,1737,full,664a150484ed2af3,d0e37766bdebdf24,"{""appeal_probability"": 0.5, ""n_per_group"": 200000.0, ""rho_a"": 0.4, ""rho_b"": 0.2}",0.4,0.2,0.5,200000,theoretical_signed_gap,0.030000000000000006,synthetic,ALL,not_applicable,not_applicable
EXP-02,SYNTHETIC EXPERIMENT,1737,full,664a150484ed2af3,628575ac7e1650fd,"{""appeal_probability"": 0.5, ""n_per_group"": 200000.0, ""rho_a"": 0.4, ""rho_b"": 0.3}",0.4,0.3,0.5,200000,theoretical_signed_gap,0.015000000000000006,synthetic,ALL,not_applicable,not_applicable
EXP-02,SYNTHETIC EXPERIMENT,1737,full,664a150484ed2af3,aea08851c9b39811,"{""appeal_probability"": 0.5, ""n_per_group"": 200000.0, ""rho_a"": 0.4, ""rho_b"": 0.4}",0.4,0.4,0.5,200000,theoretical_signed_gap,0.0,synthetic,ALL,not_applicable,not_applicable
EXP-02,SYNTHETIC EXPERIMENT,1737,full,664a150484ed2af3,193207b15adfd604,"{""appeal_probability"": 0.5, ""n_per_group"": 200000.0, ""rho_a"": 0.4, ""rho_b"": 0.5}",0.4,0.5,0.5,200000,theoretical_signed_gap,-0.015,synthetic,ALL,not_applicable,not_applicable
EXP-02,SYNTHETIC EXPERIMENT,1737,full,664a150484ed2af3,0ff0428d333f94e4,"{""appeal_probability"": 0.5, ""n_per_group"": 200000.0, ""rho_a"": 0.4, ""rho_b"": 0.6}",0.4,0.6,0.5,200000,theoretical_signed_gap,-0.03,synthetic,ALL,not_applicable,not_applicable
EXP-02,SYNTHETIC EXPERIMENT,1737,full,664a150484ed2af3,10546a5b7c1cdecb,"{""appeal_probability"": 0.5, ""n_per_group"": 200000.0, ""rho_a"": 0.4, ""rho_b"": 0.7}",0.4,0.7,0.5,200000,theoretical_signed_gap,-0.045,synthetic,ALL,not_applicable,not_applicable
EXP-02,SYNTHETIC EXPERIMENT,1737,full,664a150484ed2af3,ad76ce794733c875,"{""appeal_probability"": 0.5, ""n_per_group"": 200000.0, ""rho_a"": 0.4, ""rho_b"": 0.8}",0.4,0.8,0.5,200000,theoretical_signed_gap,-0.06000000000000001,synthetic,ALL,not_applicable,not_applicable
EXP-02,SYNTHETIC EXPERIMENT,1737,full,664a150484ed2af3,94c4644f0f1b7a32,"{""appeal_probability"": 0.5, ""n_per_group"": 200000.0, ""rho_a"": 0.4, ""rho_b"": 0.9}",0.4,0.9,0.5,200000,theoretical_signed_gap,-0.07500000000000001,synthetic,ALL,not_applicable,not_applicable
EXP-02,SYNTHETIC EXPERIMENT,1737,full,664a150484ed2af3,7d93ab2421b215a6,"{""appeal_probability"": 0.5, ""n_per_group"": 200000.0, ""rho_a"": 0.4, ""rho_b"": 1.0}",0.4,1.0,0.5,200000,theoretical_signed_gap,-0.09000000000000001,synthetic,ALL,not_applicable,not_applicable
EXP-02,SYNTHETIC EXPERIMENT,1737,full,664a150484ed2af3,21165b4c3d42f62c,"{""appeal_probability"": 0.5, ""n_per_group"": 200000.0, ""rho_a"": 0.5, ""rho_b"": 0.0}",0.5,0.0,0.5,200000,theoretical_signed_gap,0.07500000000000001,synthetic,ALL,not_applicable,not_applicable
EXP-02,SYNTHETIC EXPERIMENT,1737,full,664a150484ed2af3,9c191ef7081458df,"{""appeal_probability"": 0.5, ""n_per_group"": 200000.0, ""rho_a"": 0.5, ""rho_b"": 0.1}",0.5,0.1,0.5,200000,theoretical_signed_gap,0.06000000000000001,synthetic,ALL,not_applicable,not_applicable
EXP-02,SYNTHETIC EXPERIMENT,1737,full,664a150484ed2af3,fc803628f5f554d9,"{""appeal_probability"": 0.5, ""n_per_group"": 200000.0, ""rho_a"": 0.5, ""rho_b"": 0.2}",0.5,0.2,0.5,200000,theoretical_signed_gap,0.045000000000000005,synthetic,ALL,not_applicable,not_applicable
EXP-02,SYNTHETIC EXPERIMENT,1737,full,664a150484ed2af3,e4c3420af9c462d1,"{""appeal_probability"": 0.5, ""n_per_group"": 200000.0, ""rho_a"": 0.5, ""rho_b"": 0.3}",0.5,0.3,0.5,200000,theoretical_signed_gap,0.030000000000000006,synthetic,ALL,not_applicable,not_applicable
EXP-02,SYNTHETIC EXPERIMENT,1737,full,664a150484ed2af3,3f863d544909e3d5,"{""appeal_probability"": 0.5, ""n_per_group"": 200000.0, ""rho_a"": 0.5, ""rho_b"": 0.4}",0.5,0.4,0.5,200000,theoretical_signed_gap,0.015,synthetic,ALL,not_applicable,not_applicable
EXP-02,SYNTHETIC EXPERIMENT,1737,full,664a150484ed2af3,2dedf7734ce6cc15,"{""appeal_probability"": 0.5, ""n_per_group"": 200000.0, ""rho_a"": 0.5, ""rho_b"": 0.5}",0.5,0.5,0.5,200000,theoretical_signed_gap,0.0,synthetic,ALL,not_applicable,not_applicable
EXP-02,SYNTHETIC EXPERIMENT,1737,full,664a150484ed2af3,60a2c7657bd41d01,"{""appeal_probability"": 0.5, ""n_per_group"": 200000.0, ""rho_a"": 0.5, ""rho_b"": 0.6}",0.5,0.6,0.5,200000,theoretical_signed_gap,-0.015,synthetic,ALL,not_applicable,not_applicable
EXP-02,SYNTHETIC EXPERIMENT,1737,full,664a150484ed2af3,8228b144176b3d84,"{""appeal_probability"": 0.5, ""n_per_group"": 200000.0, ""rho_a"": 0.5, ""rho_b"": 0.7}",0.5,0.7,0.5,200000,theoretical_signed_gap,-0.03,synthetic,ALL,not_applicable,not_applicable
EXP-02,SYNTHETIC EXPERIMENT,1737,full,664a150484ed2af3,c0782429368935a2,"{""appeal_probability"": 0.5, ""n_per_group"": 200000.0, ""rho_a"": 0.5, ""rho_b"": 0.8}",0.5,0.8,0.5,200000,theoretical_signed_gap,-0.04500000000000001,synthetic,ALL,not_applicable,not_applicable
EXP-02,SYNTHETIC EXPERIMENT,1737,full,664a150484ed2af3,73f6122ef069290e,"{""appeal_probability"": 0.5, ""n_per_group"": 200000.0, ""rho_a"": 0.5, ""rho_b"": 0.9}",0.5,0.9,0.5,200000,theoretical_signed_gap,-0.06000000000000001,synthetic,ALL,not_applicable,not_applicable
EXP-02,SYNTHETIC EXPERIMENT,1737,full,664a150484ed2af3,bda2615f081c352a,"{""appeal_probability"": 0.5, ""n_per_group"": 200000.0, ""rho_a"": 0.5, ""rho_b"": 1.0}",0.5,1.0,0.5,200000,theoretical_signed_gap,-0.07500000000000001,synthetic,ALL,not_applicable,not_applicable
EXP-02,SYNTHETIC EXPERIMENT,1737,full,664a150484ed2af3,22531d0ed7e7bb13,"{""appeal_probability"": 0.5, ""n_per_group"": 200000.0, ""rho_a"": 0.6, ""rho_b"": 0.0}",0.6,0.0,0.5,200000,theoretical_signed_gap,0.09000000000000001,synthetic,ALL,not_applicable,not_applicable
EXP-02,SYNTHETIC EXPERIMENT,1737,full,664a150484ed2af3,97feceb5c7306897,"{""appeal_probability"": 0.5, ""n_per_group"": 200000.0, ""rho_a"": 0.6, ""rho_b"": 0.1}",0.6,0.1,0.5,200000,theoretical_signed_gap,0.07500000000000001,synthetic,ALL,not_applicable,not_applicable
EXP-02,SYNTHETIC EXPERIMENT,1737,full,664a150484ed2af3,3af81c1f6cf3194a,"{""appeal_probability"": 0.5, ""n_per_group"": 200000.0, ""rho_a"": 0.6, ""rho_b"": 0.2}",0.6,0.2,0.5,200000,theoretical_signed_gap,0.060000000000000005,synthetic,ALL,not_applicable,not_applicable
EXP-02,SYNTHETIC EXPERIMENT,1737,full,664a150484ed2af3,a7edd86d8981df1f,"{""appeal_probability"": 0.5, ""n_per_group"": 200000.0, ""rho_a"": 0.6, ""rho_b"": 0.3}",0.6,0.3,0.5,200000,theoretical_signed_gap,0.045000000000000005,synthetic,ALL,not_applicable,not_applicable
EXP-02,SYNTHETIC EXPERIMENT,1737,full,664a150484ed2af3,64fda179a6c4c6d6,"{""appeal_probability"": 0.5, ""n_per_group"": 200000.0, ""rho_a"": 0.6, ""rho_b"": 0.4}",0.6,0.4,0.5,200000,theoretical_signed_gap,0.03,synthetic,ALL,not_applicable,not_applicable
EXP-02,SYNTHETIC EXPERIMENT,1737,full,664a150484ed2af3,bed113e4b3119f41,"{""appeal_probability"": 0.5, ""n_per_group"": 200000.0, ""rho_a"": 0.6, ""rho_b"": 0.5}",0.6,0.5,0.5,200000,theoretical_signed_gap,0.015,synthetic,ALL,not_applicable,not_applicable
EXP-02,SYNTHETIC EXPERIMENT,1737,full,664a150484ed2af3,72661b835bf7af63,"{""appeal_probability"": 0.5, ""n_per_group"": 200000.0, ""rho_a"": 0.6, ""rho_b"": 0.6}",0.6,0.6,0.5,200000,theoretical_signed_gap,0.0,synthetic,ALL,not_applicable,not_applicable
EXP-02,SYNTHETIC EXPERIMENT,1737,full,664a150484ed2af3,c9aca828f8c2af22,"{""appeal_probability"": 0.5, ""n_per_group"": 200000.0, ""rho_a"": 0.6, ""rho_b"": 0.7}",0.6,0.7,0.5,200000,theoretical_signed_gap,-0.015,synthetic,ALL,not_applicable,not_applicable
EXP-02,SYNTHETIC EXPERIMENT,1737,full,664a150484ed2af3,fb55591aefebd3cf,"{""appeal_probability"": 0.5, ""n_per_group"": 200000.0, ""rho_a"": 0.6, ""rho_b"": 0.8}",0.6,0.8,0.5,200000,theoretical_signed_gap,-0.030000000000000013,synthetic,ALL,not_applicable,not_applicable
EXP-02,SYNTHETIC EXPERIMENT,1737,full,664a150484ed2af3,e110e020a55d5939,"{""appeal_probability"": 0.5, ""n_per_group"": 200000.0, ""rho_a"": 0.6, ""rho_b"": 0.9}",0.6,0.9,0.5,200000,theoretical_signed_gap,-0.04500000000000001,synthetic,ALL,not_applicable,not_applicable
EXP-02,SYNTHETIC EXPERIMENT,1737,full,664a150484ed2af3,9dd7e61f8a5f91aa,"{""appeal_probability"": 0.5, ""n_per_group"": 200000.0, ""rho_a"": 0.6, ""rho_b"": 1.0}",0.6,1.0,0.5,200000,theoretical_signed_gap,-0.06000000000000001,synthetic,ALL,not_applicable,not_applicable
EXP-02,SYNTHETIC EXPERIMENT,1737,full,664a150484ed2af3,3d0393c7df5c3e8c,"{""appeal_probability"": 0.5, ""n_per_group"": 200000.0, ""rho_a"": 0.7, ""rho_b"": 0.0}",0.7,0.0,0.5,200000,theoretical_signed_gap,0.10500000000000001,synthetic,ALL,not_applicable,not_applicable
EXP-02,SYNTHETIC EXPERIMENT,1737,full,664a150484ed2af3,3df3220e7ee7fa4f,"{""appeal_probability"": 0.5, ""n_per_group"": 200000.0, ""rho_a"": 0.7, ""rho_b"": 0.1}",0.7,0.1,0.5,200000,theoretical_signed_gap,0.09000000000000001,synthetic,ALL,not_applicable,not_applicable
EXP-02,SYNTHETIC EXPERIMENT,1737,full,664a150484ed2af3,c791a91ba4abd8e6,"{""appeal_probability"": 0.5, ""n_per_group"": 200000.0, ""rho_a"": 0.7, ""rho_b"": 0.2}",0.7,0.2,0.5,200000,theoretical_signed_gap,0.075,synthetic,ALL,not_applicable,not_applicable
EXP-02,SYNTHETIC EXPERIMENT,1737,full,664a150484ed2af3,0253206bfd4f2b2b,"{""appeal_probability"": 0.5, ""n_per_group"": 200000.0, ""rho_a"": 0.7, ""rho_b"": 0.3}",0.7,0.3,0.5,200000,theoretical_signed_gap,0.060000000000000005,synthetic,ALL,not_applicable,not_applicable
EXP-02,SYNTHETIC EXPERIMENT,1737,full,664a150484ed2af3,e169739ed6dd7b86,"{""appeal_probability"": 0.5, ""n_per_group"": 200000.0, ""rho_a"": 0.7, ""rho_b"": 0.4}",0.7,0.4,0.5,200000,theoretical_signed_gap,0.045,synthetic,ALL,not_applicable,not_applicable
EXP-02,SYNTHETIC EXPERIMENT,1737,full,664a150484ed2af3,43aecebe4b27d744,"{""appeal_probability"": 0.5, ""n_per_group"": 200000.0, ""rho_a"": 0.7, ""rho_b"": 0.5}",0.7,0.5,0.5,200000,theoretical_signed_gap,0.03,synthetic,ALL,not_applicable,not_applicable
EXP-02,SYNTHETIC EXPERIMENT,1737,full,664a150484ed2af3,f92751b7e949137a,"{""appeal_probability"": 0.5, ""n_per_group"": 200000.0, ""rho_a"": 0.7, ""rho_b"": 0.6}",0.7,0.6,0.5,200000,theoretical_signed_gap,0.015,synthetic,ALL,not_applicable,not_applicable
EXP-02,SYNTHETIC EXPERIMENT,1737,full,664a150484ed2af3,78bafc9d3355be7c,"{""appeal_probability"": 0.5, ""n_per_group"": 200000.0, ""rho_a"": 0.7, ""rho_b"": 0.7}",0.7,0.7,0.5,200000,theoretical_signed_gap,0.0,synthetic,ALL,not_applicable,not_applicable
EXP-02,SYNTHETIC EXPERIMENT,1737,full,664a150484ed2af3,099a785a1bde3663,"{""appeal_probability"": 0.5, ""n_per_group"": 200000.0, ""rho_a"": 0.7, ""rho_b"": 0.8}",0.7,0.8,0.5,200000,theoretical_signed_gap,-0.015000000000000015,synthetic,ALL,not_applicable,not_applicable
EXP-02,SYNTHETIC EXPERIMENT,1737,full,664a150484ed2af3,6c8112178a3a6cc2,"{""appeal_probability"": 0.5, ""n_per_group"": 200000.0, ""rho_a"": 0.7, ""rho_b"": 0.9}",0.7,0.9,0.5,200000,theoretical_signed_gap,-0.030000000000000013,synthetic,ALL,not_applicable,not_applicable
EXP-02,SYNTHETIC EXPERIMENT,1737,full,664a150484ed2af3,aeb6c97be057314f,"{""appeal_probability"": 0.5, ""n_per_group"": 200000.0, ""rho_a"": 0.7, ""rho_b"": 1.0}",0.7,1.0,0.5,200000,theoretical_signed_gap,-0.04500000000000001,synthetic,ALL,not_applicable,not_applicable
EXP-02,SYNTHETIC EXPERIMENT,1737,full,664a150484ed2af3,e4e7ab32b21f0d9a,"{""appeal_probability"": 0.5, ""n_per_group"": 200000.0, ""rho_a"": 0.8, ""rho_b"": 0.0}",0.8,0.0,0.5,200000,theoretical_signed_gap,0.12000000000000002,synthetic,ALL,not_applicable,not_applicable
EXP-02,SYNTHETIC EXPERIMENT,1737,full,664a150484ed2af3,8fa1bc197628a877,"{""appeal_probability"": 0.5, ""n_per_group"": 200000.0, ""rho_a"": 0.8, ""rho_b"": 0.1}",0.8,0.1,0.5,200000,theoretical_signed_gap,0.10500000000000002,synthetic,ALL,not_applicable,not_applicable
EXP-02,SYNTHETIC EXPERIMENT,1737,full,664a150484ed2af3,7a5b9a56f1be084d,"{""appeal_probability"": 0.5, ""n_per_group"": 200000.0, ""rho_a"": 0.8, ""rho_b"": 0.2}",0.8,0.2,0.5,200000,theoretical_signed_gap,0.09000000000000002,synthetic,ALL,not_applicable,not_applicable
EXP-02,SYNTHETIC EXPERIMENT,1737,full,664a150484ed2af3,ce319f5961eb4c4a,"{""appeal_probability"": 0.5, ""n_per_group"": 200000.0, ""rho_a"": 0.8, ""rho_b"": 0.3}",0.8,0.3,0.5,200000,theoretical_signed_gap,0.07500000000000001,synthetic,ALL,not_applicable,not_applicable
EXP-02,SYNTHETIC EXPERIMENT,1737,full,664a150484ed2af3,c0466a0fc6068a1f,"{""appeal_probability"": 0.5, ""n_per_group"": 200000.0, ""rho_a"": 0.8, ""rho_b"": 0.4}",0.8,0.4,0.5,200000,theoretical_signed_gap,0.06000000000000001,synthetic,ALL,not_applicable,not_applicable
EXP-02,SYNTHETIC EXPERIMENT,1737,full,664a150484ed2af3,cb3e895029164d3a,"{""appeal_probability"": 0.5, ""n_per_group"": 200000.0, ""rho_a"": 0.8, ""rho_b"": 0.5}",0.8,0.5,0.5,200000,theoretical_signed_gap,0.04500000000000001,synthetic,ALL,not_applicable,not_applicable
EXP-02,SYNTHETIC EXPERIMENT,1737,full,664a150484ed2af3,7c1d04aca593c1e4,"{""appeal_probability"": 0.5, ""n_per_group"": 200000.0, ""rho_a"": 0.8, ""rho_b"": 0.6}",0.8,0.6,0.5,200000,theoretical_signed_gap,0.030000000000000013,synthetic,ALL,not_applicable,not_applicable
EXP-02,SYNTHETIC EXPERIMENT,1737,full,664a150484ed2af3,0355ba2f014848b0,"{""appeal_probability"": 0.5, ""n_per_group"": 200000.0, ""rho_a"": 0.8, ""rho_b"": 0.7}",0.8,0.7,0.5,200000,theoretical_signed_gap,0.015000000000000015,synthetic,ALL,not_applicable,not_applicable
EXP-02,SYNTHETIC EXPERIMENT,1737,full,664a150484ed2af3,f4b2c269ea8eff02,"{""appeal_probability"": 0.5, ""n_per_group"": 200000.0, ""rho_a"": 0.8, ""rho_b"": 0.8}",0.8,0.8,0.5,200000,theoretical_signed_gap,0.0,synthetic,ALL,not_applicable,not_applicable
EXP-02,SYNTHETIC EXPERIMENT,1737,full,664a150484ed2af3,fdb42704ad3aa85f,"{""appeal_probability"": 0.5, ""n_per_group"": 200000.0, ""rho_a"": 0.8, ""rho_b"": 0.9}",0.8,0.9,0.5,200000,theoretical_signed_gap,-0.015,synthetic,ALL,not_applicable,not_applicable
EXP-02,SYNTHETIC EXPERIMENT,1737,full,664a150484ed2af3,520154c86a5e0d00,"{""appeal_probability"": 0.5, ""n_per_group"": 200000.0, ""rho_a"": 0.8, ""rho_b"": 1.0}",0.8,1.0,0.5,200000,theoretical_signed_gap,-0.03,synthetic,ALL,not_applicable,not_applicable
EXP-02,SYNTHETIC EXPERIMENT,1737,full,664a150484ed2af3,adc0366fc585c698,"{""appeal_probability"": 0.5, ""n_per_group"": 200000.0, ""rho_a"": 0.9, ""rho_b"": 0.0}",0.9,0.0,0.5,200000,theoretical_signed_gap,0.13500000000000004,synthetic,ALL,not_applicable,not_applicable
EXP-02,SYNTHETIC EXPERIMENT,1737,full,664a150484ed2af3,338cb4e3b376d17e,"{""appeal_probability"": 0.5, ""n_per_group"": 200000.0, ""rho_a"": 0.9, ""rho_b"": 0.1}",0.9,0.1,0.5,200000,theoretical_signed_gap,0.12000000000000002,synthetic,ALL,not_applicable,not_applicable
EXP-02,SYNTHETIC EXPERIMENT,1737,full,664a150484ed2af3,28a83485be70ac4a,"{""appeal_probability"": 0.5, ""n_per_group"": 200000.0, ""rho_a"": 0.9, ""rho_b"": 0.2}",0.9,0.2,0.5,200000,theoretical_signed_gap,0.10500000000000001,synthetic,ALL,not_applicable,not_applicable
EXP-02,SYNTHETIC EXPERIMENT,1737,full,664a150484ed2af3,fb15f4e90091e93a,"{""appeal_probability"": 0.5, ""n_per_group"": 200000.0, ""rho_a"": 0.9, ""rho_b"": 0.3}",0.9,0.3,0.5,200000,theoretical_signed_gap,0.09000000000000002,synthetic,ALL,not_applicable,not_applicable
EXP-02,SYNTHETIC EXPERIMENT,1737,full,664a150484ed2af3,2bd909a9f50f6342,"{""appeal_probability"": 0.5, ""n_per_group"": 200000.0, ""rho_a"": 0.9, ""rho_b"": 0.4}",0.9,0.4,0.5,200000,theoretical_signed_gap,0.07500000000000001,synthetic,ALL,not_applicable,not_applicable
EXP-02,SYNTHETIC EXPERIMENT,1737,full,664a150484ed2af3,1c6d2980f2762ede,"{""appeal_probability"": 0.5, ""n_per_group"": 200000.0, ""rho_a"": 0.9, ""rho_b"": 0.5}",0.9,0.5,0.5,200000,theoretical_signed_gap,0.06000000000000001,synthetic,ALL,not_applicable,not_applicable
EXP-02,SYNTHETIC EXPERIMENT,1737,full,664a150484ed2af3,da3a124848783a35,"{""appeal_probability"": 0.5, ""n_per_group"": 200000.0, ""rho_a"": 0.9, ""rho_b"": 0.6}",0.9,0.6,0.5,200000,theoretical_signed_gap,0.04500000000000001,synthetic,ALL,not_applicable,not_applicable
EXP-02,SYNTHETIC EXPERIMENT,1737,full,664a150484ed2af3,6236ff27127adc1b,"{""appeal_probability"": 0.5, ""n_per_group"": 200000.0, ""rho_a"": 0.9, ""rho_b"": 0.7}",0.9,0.7,0.5,200000,theoretical_signed_gap,0.030000000000000013,synthetic,ALL,not_applicable,not_applicable
EXP-02,SYNTHETIC EXPERIMENT,1737,full,664a150484ed2af3,b74771b6ce4fdc41,"{""appeal_probability"": 0.5, ""n_per_group"": 200000.0, ""rho_a"": 0.9, ""rho_b"": 0.8}",0.9,0.8,0.5,200000,theoretical_signed_gap,0.015,synthetic,ALL,not_applicable,not_applicable
EXP-02,SYNTHETIC EXPERIMENT,1737,full,664a150484ed2af3,8c165f15ec91a749,"{""appeal_probability"": 0.5, ""n_per_group"": 200000.0, ""rho_a"": 0.9, ""rho_b"": 0.9}",0.9,0.9,0.5,200000,theoretical_signed_gap,0.0,synthetic,ALL,not_applicable,not_applicable
EXP-02,SYNTHETIC EXPERIMENT,1737,full,664a150484ed2af3,a98e036303548748,"{""appeal_probability"": 0.5, ""n_per_group"": 200000.0, ""rho_a"": 0.9, ""rho_b"": 1.0}",0.9,1.0,0.5,200000,theoretical_signed_gap,-0.015,synthetic,ALL,not_applicable,not_applicable
EXP-02,SYNTHETIC EXPERIMENT,1737,full,664a150484ed2af3,58d62102bfab66e2,"{""appeal_probability"": 0.5, ""n_per_group"": 200000.0, ""rho_a"": 1.0, ""rho_b"": 0.0}",1.0,0.0,0.5,200000,theoretical_signed_gap,0.15000000000000002,synthetic,ALL,not_applicable,not_applicable
EXP-02,SYNTHETIC EXPERIMENT,1737,full,664a150484ed2af3,0a2cf6a9af223699,"{""appeal_probability"": 0.5, ""n_per_group"": 200000.0, ""rho_a"": 1.0, ""rho_b"": 0.1}",1.0,0.1,0.5,200000,theoretical_signed_gap,0.13500000000000004,synthetic,ALL,not_applicable,not_applicable
EXP-02,SYNTHETIC EXPERIMENT,1737,full,664a150484ed2af3,770f43f13c53f7c8,"{""appeal_probability"": 0.5, ""n_per_group"": 200000.0, ""rho_a"": 1.0, ""rho_b"": 0.2}",1.0,0.2,0.5,200000,theoretical_signed_gap,0.12000000000000002,synthetic,ALL,not_applicable,not_applicable
EXP-02,SYNTHETIC EXPERIMENT,1737,full,664a150484ed2af3,f94d20793cc846c6,"{""appeal_probability"": 0.5, ""n_per_group"": 200000.0, ""rho_a"": 1.0, ""rho_b"": 0.3}",1.0,0.3,0.5,200000,theoretical_signed_gap,0.10500000000000001,synthetic,ALL,not_applicable,not_applicable
EXP-02,SYNTHETIC EXPERIMENT,1737,full,664a150484ed2af3,04751555e6c3ce2a,"{""appeal_probability"": 0.5, ""n_per_group"": 200000.0, ""rho_a"": 1.0, ""rho_b"": 0.4}",1.0,0.4,0.5,200000,theoretical_signed_gap,0.09000000000000001,synthetic,ALL,not_applicable,not_applicable
EXP-02,SYNTHETIC EXPERIMENT,1737,full,664a150484ed2af3,5b95ad51e3ae326e,"{""appeal_probability"": 0.5, ""n_per_group"": 200000.0, ""rho_a"": 1.0, ""rho_b"": 0.5}",1.0,0.5,0.5,200000,theoretical_signed_gap,0.07500000000000001,synthetic,ALL,not_applicable,not_applicable
EXP-02,SYNTHETIC EXPERIMENT,1737,full,664a150484ed2af3,7e6e3935e4d40393,"{""appeal_probability"": 0.5, ""n_per_group"": 200000.0, ""rho_a"": 1.0, ""rho_b"": 0.6}",1.0,0.6,0.5,200000,theoretical_signed_gap,0.06000000000000001,synthetic,ALL,not_applicable,not_applicable
EXP-02,SYNTHETIC EXPERIMENT,1737,full,664a150484ed2af3,1eaebe6991e2156e,"{""appeal_probability"": 0.5, ""n_per_group"": 200000.0, ""rho_a"": 1.0, ""rho_b"": 0.7}",1.0,0.7,0.5,200000,theoretical_signed_gap,0.04500000000000001,synthetic,ALL,not_applicable,not_applicable
EXP-02,SYNTHETIC EXPERIMENT,1737,full,664a150484ed2af3,410aa5ea0b4d0b26,"{""appeal_probability"": 0.5, ""n_per_group"": 200000.0, ""rho_a"": 1.0, ""rho_b"": 0.8}",1.0,0.8,0.5,200000,theoretical_signed_gap,0.03,synthetic,ALL,not_applicable,not_applicable
EXP-02,SYNTHETIC EXPERIMENT,1737,full,664a150484ed2af3,3b0f20b70c8cec86,"{""appeal_probability"": 0.5, ""n_per_group"": 200000.0, ""rho_a"": 1.0, ""rho_b"": 0.9}",1.0,0.9,0.5,200000,theoretical_signed_gap,0.015,synthetic,ALL,not_applicable,not_applicable
EXP-02,SYNTHETIC EXPERIMENT,1737,full,664a150484ed2af3,ea8069bcb0b60c2a,"{""appeal_probability"": 0.5, ""n_per_group"": 200000.0, ""rho_a"": 1.0, ""rho_b"": 1.0}",1.0,1.0,0.5,200000,theoretical_signed_gap,0.0,synthetic,ALL,not_applicable,not_applicable
EXP-02,SYNTHETIC EXPERIMENT,1737,full,664a150484ed2af3,46d2cbaef9891999,"{""appeal_probability"": 0.5, ""n_per_group"": 200000.0, ""rho_a"": 0.0, ""rho_b"": 0.0}",0.0,0.0,0.5,200000,empirical_signed_gap,-0.0018599999999999728,synthetic,ALL,not_applicable,not_applicable
EXP-02,SYNTHETIC EXPERIMENT,1737,full,664a150484ed2af3,b45e25ba476fa3e9,"{""appeal_probability"": 0.5, ""n_per_group"": 200000.0, ""rho_a"": 0.0, ""rho_b"": 0.1}",0.0,0.1,0.5,200000,empirical_signed_gap,-0.014125000000000054,synthetic,ALL,not_applicable,not_applicable
EXP-02,SYNTHETIC EXPERIMENT,1737,full,664a150484ed2af3,821172329304cf7c,"{""appeal_probability"": 0.5, ""n_per_group"": 200000.0, ""rho_a"": 0.0, ""rho_b"": 0.2}",0.0,0.2,0.5,200000,empirical_signed_gap,-0.03205999999999998,synthetic,ALL,not_applicable,not_applicable
EXP-02,SYNTHETIC EXPERIMENT,1737,full,664a150484ed2af3,cd2268a31bbe1c44,"{""appeal_probability"": 0.5, ""n_per_group"": 200000.0, ""rho_a"": 0.0, ""rho_b"": 0.3}",0.0,0.3,0.5,200000,empirical_signed_gap,-0.04737000000000002,synthetic,ALL,not_applicable,not_applicable
EXP-02,SYNTHETIC EXPERIMENT,1737,full,664a150484ed2af3,87ebca6abe7c6f2b,"{""appeal_probability"": 0.5, ""n_per_group"": 200000.0, ""rho_a"": 0.0, ""rho_b"": 0.4}",0.0,0.4,0.5,200000,empirical_signed_gap,-0.061610000000000054,synthetic,ALL,not_applicable,not_applicable
EXP-02,SYNTHETIC EXPERIMENT,1737,full,664a150484ed2af3,84ff48fa0a7a269a,"{""appeal_probability"": 0.5, ""n_per_group"": 200000.0, ""rho_a"": 0.0, ""rho_b"": 0.5}",0.0,0.5,0.5,200000,empirical_signed_gap,-0.07704,synthetic,ALL,not_applicable,not_applicable
EXP-02,SYNTHETIC EXPERIMENT,1737,full,664a150484ed2af3,5566f0215f5fa98f,"{""appeal_probability"": 0.5, ""n_per_group"": 200000.0, ""rho_a"": 0.0, ""rho_b"": 0.6}",0.0,0.6,0.5,200000,empirical_signed_gap,-0.08851999999999993,synthetic,ALL,not_applicable,not_applicable
EXP-02,SYNTHETIC EXPERIMENT,1737,full,664a150484ed2af3,8b7be240f0bbff18,"{""appeal_probability"": 0.5, ""n_per_group"": 200000.0, ""rho_a"": 0.0, ""rho_b"": 0.7}",0.0,0.7,0.5,200000,empirical_signed_gap,-0.10538999999999998,synthetic,ALL,not_applicable,not_applicable
EXP-02,SYNTHETIC EXPERIMENT,1737,full,664a150484ed2af3,5fd3cf9ab4c1804c,"{""appeal_probability"": 0.5, ""n_per_group"": 200000.0, ""rho_a"": 0.0, ""rho_b"": 0.8}",0.0,0.8,0.5,200000,empirical_signed_gap,-0.119915,synthetic,ALL,not_applicable,not_applicable
EXP-02,SYNTHETIC EXPERIMENT,1737,full,664a150484ed2af3,063267931d9ac1a4,"{""appeal_probability"": 0.5, ""n_per_group"": 200000.0, ""rho_a"": 0.0, ""rho_b"": 0.9}",0.0,0.9,0.5,200000,empirical_signed_gap,-0.13459,synthetic,ALL,not_applicable,not_applicable
EXP-02,SYNTHETIC EXPERIMENT,1737,full,664a150484ed2af3,f643619a7a803217,"{""appeal_probability"": 0.5, ""n_per_group"": 200000.0, ""rho_a"": 0.0, ""rho_b"": 1.0}",0.0,1.0,0.5,200000,empirical_signed_gap,-0.15091,synthetic,ALL,not_applicable,not_applicable
EXP-02,SYNTHETIC EXPERIMENT,1737,full,664a150484ed2af3,3ddbc523ad32b71b,"{""appeal_probability"": 0.5, ""n_per_group"": 200000.0, ""rho_a"": 0.1, ""rho_b"": 0.0}",0.1,0.0,0.5,200000,empirical_signed_gap,0.015194999999999959,synthetic,ALL,not_applicable,not_applicable
EXP-02,SYNTHETIC EXPERIMENT,1737,full,664a150484ed2af3,75346f0572b8fced,"{""appeal_probability"": 0.5, ""n_per_group"": 200000.0, ""rho_a"": 0.1, ""rho_b"": 0.1}",0.1,0.1,0.5,200000,empirical_signed_gap,-0.0015999999999999348,synthetic,ALL,not_applicable,not_applicable
EXP-02,SYNTHETIC EXPERIMENT,1737,full,664a150484ed2af3,27c459bd3ff84ada,"{""appeal_probability"": 0.5, ""n_per_group"": 200000.0, ""rho_a"": 0.1, ""rho_b"": 0.2}",0.1,0.2,0.5,200000,empirical_signed_gap,-0.014234999999999998,synthetic,ALL,not_applicable,not_applicable
EXP-02,SYNTHETIC EXPERIMENT,1737,full,664a150484ed2af3,14147eb95808aa69,"{""appeal_probability"": 0.5, ""n_per_group"": 200000.0, ""rho_a"": 0.1, ""rho_b"": 0.3}",0.1,0.3,0.5,200000,empirical_signed_gap,-0.03088000000000002,synthetic,ALL,not_applicable,not_applicable
EXP-02,SYNTHETIC EXPERIMENT,1737,full,664a150484ed2af3,162e861a609ab552,"{""appeal_probability"": 0.5, ""n_per_group"": 200000.0, ""rho_a"": 0.1, ""rho_b"": 0.4}",0.1,0.4,0.5,200000,empirical_signed_gap,-0.043119999999999936,synthetic,ALL,not_applicable,not_applicable
EXP-02,SYNTHETIC EXPERIMENT,1737,full,664a150484ed2af3,d19891238f2df6d0,"{""appeal_probability"": 0.5, ""n_per_group"": 200000.0, ""rho_a"": 0.1, ""rho_b"": 0.5}",0.1,0.5,0.5,200000,empirical_signed_gap,-0.05954000000000004,synthetic,ALL,not_applicable,not_applicable
EXP-02,SYNTHETIC EXPERIMENT,1737,full,664a150484ed2af3,b712ed1f2d0f3801,"{""appeal_probability"": 0.5, ""n_per_group"": 200000.0, ""rho_a"": 0.1, ""rho_b"": 0.6}",0.1,0.6,0.5,200000,empirical_signed_gap,-0.07292500000000002,synthetic,ALL,not_applicable,not_applicable
EXP-02,SYNTHETIC EXPERIMENT,1737,full,664a150484ed2af3,f14dcec7f839c85a,"{""appeal_probability"": 0.5, ""n_per_group"": 200000.0, ""rho_a"": 0.1, ""rho_b"": 0.7}",0.1,0.7,0.5,200000,empirical_signed_gap,-0.09020000000000006,synthetic,ALL,not_applicable,not_applicable
EXP-02,SYNTHETIC EXPERIMENT,1737,full,664a150484ed2af3,b5ffe309719df0a3,"{""appeal_probability"": 0.5, ""n_per_group"": 200000.0, ""rho_a"": 0.1, ""rho_b"": 0.8}",0.1,0.8,0.5,200000,empirical_signed_gap,-0.10416000000000003,synthetic,ALL,not_applicable,not_applicable
EXP-02,SYNTHETIC EXPERIMENT,1737,full,664a150484ed2af3,27fb9de2110f6307,"{""appeal_probability"": 0.5, ""n_per_group"": 200000.0, ""rho_a"": 0.1, ""rho_b"": 0.9}",0.1,0.9,0.5,200000,empirical_signed_gap,-0.12084499999999998,synthetic,ALL,not_applicable,not_applicable
EXP-02,SYNTHETIC EXPERIMENT,1737,full,664a150484ed2af3,e16b123eef9485e5,"{""appeal_probability"": 0.5, ""n_per_group"": 200000.0, ""rho_a"": 0.1, ""rho_b"": 1.0}",0.1,1.0,0.5,200000,empirical_signed_gap,-0.134965,synthetic,ALL,not_applicable,not_applicable
EXP-02,SYNTHETIC EXPERIMENT,1737,full,664a150484ed2af3,467e73a8295d1395,"{""appeal_probability"": 0.5, ""n_per_group"": 200000.0, ""rho_a"": 0.2, ""rho_b"": 0.0}",0.2,0.0,0.5,200000,empirical_signed_gap,0.028514999999999957,synthetic,ALL,not_applicable,not_applicable
EXP-02,SYNTHETIC EXPERIMENT,1737,full,664a150484ed2af3,c34a187f9d9ec666,"{""appeal_probability"": 0.5, ""n_per_group"": 200000.0, ""rho_a"": 0.2, ""rho_b"": 0.1}",0.2,0.1,0.5,200000,empirical_signed_gap,0.01285500000000006,synthetic,ALL,not_applicable,not_applicable
EXP-02,SYNTHETIC EXPERIMENT,1737,full,664a150484ed2af3,0c3ef9ffaba300f4,"{""appeal_probability"": 0.5, ""n_per_group"": 200000.0, ""rho_a"": 0.2, ""rho_b"": 0.2}",0.2,0.2,0.5,200000,empirical_signed_gap,-0.0014899999999999913,synthetic,ALL,not_applicable,not_applicable
EXP-02,SYNTHETIC EXPERIMENT,1737,full,664a150484ed2af3,61e9dc20467a050a,"{""appeal_probability"": 0.5, ""n_per_group"": 200000.0, ""rho_a"": 0.2, ""rho_b"": 0.3}",0.2,0.3,0.5,200000,empirical_signed_gap,-0.013665000000000038,synthetic,ALL,not_applicable,not_applicable
EXP-02,SYNTHETIC EXPERIMENT,1737,full,664a150484ed2af3,0c35081032c9fcf3,"{""appeal_probability"": 0.5, ""n_per_group"": 200000.0, ""rho_a"": 0.2, ""rho_b"": 0.4}",0.2,0.4,0.5,200000,empirical_signed_gap,-0.03071999999999997,synthetic,ALL,not_applicable,not_applicable
EXP-02,SYNTHETIC EXPERIMENT,1737,full,664a150484ed2af3,0ec681270423e4ce,"{""appeal_probability"": 0.5, ""n_per_group"": 200000.0, ""rho_a"": 0.2, ""rho_b"": 0.5}",0.2,0.5,0.5,200000,empirical_signed_gap,-0.04415999999999998,synthetic,ALL,not_applicable,not_applicable
EXP-02,SYNTHETIC EXPERIMENT,1737,full,664a150484ed2af3,fbf9dcf2016f3a09,"{""appeal_probability"": 0.5, ""n_per_group"": 200000.0, ""rho_a"": 0.2, ""rho_b"": 0.6}",0.2,0.6,0.5,200000,empirical_signed_gap,-0.05911999999999995,synthetic,ALL,not_applicable,not_applicable
EXP-02,SYNTHETIC EXPERIMENT,1737,full,664a150484ed2af3,9990749ae4bdea4c,"{""appeal_probability"": 0.5, ""n_per_group"": 200000.0, ""rho_a"": 0.2, ""rho_b"": 0.7}",0.2,0.7,0.5,200000,empirical_signed_gap,-0.07557999999999998,synthetic,ALL,not_applicable,not_applicable
EXP-02,SYNTHETIC EXPERIMENT,1737,full,664a150484ed2af3,5c3176d597806058,"{""appeal_probability"": 0.5, ""n_per_group"": 200000.0, ""rho_a"": 0.2, ""rho_b"": 0.8}",0.2,0.8,0.5,200000,empirical_signed_gap,-0.09214499999999992,synthetic,ALL,not_applicable,not_applicable
EXP-02,SYNTHETIC EXPERIMENT,1737,full,664a150484ed2af3,8c7936c14178e3d1,"{""appeal_probability"": 0.5, ""n_per_group"": 200000.0, ""rho_a"": 0.2, ""rho_b"": 0.9}",0.2,0.9,0.5,200000,empirical_signed_gap,-0.10678500000000002,synthetic,ALL,not_applicable,not_applicable
EXP-02,SYNTHETIC EXPERIMENT,1737,full,664a150484ed2af3,4fec8771cc37c134,"{""appeal_probability"": 0.5, ""n_per_group"": 200000.0, ""rho_a"": 0.2, ""rho_b"": 1.0}",0.2,1.0,0.5,200000,empirical_signed_gap,-0.12000500000000003,synthetic,ALL,not_applicable,not_applicable
EXP-02,SYNTHETIC EXPERIMENT,1737,full,664a150484ed2af3,deaabf9716c5ce53,"{""appeal_probability"": 0.5, ""n_per_group"": 200000.0, ""rho_a"": 0.3, ""rho_b"": 0.0}",0.3,0.0,0.5,200000,empirical_signed_gap,0.04833500000000002,synthetic,ALL,not_applicable,not_applicable
EXP-02,SYNTHETIC EXPERIMENT,1737,full,664a150484ed2af3,faba27740f5fafe1,"{""appeal_probability"": 0.5, ""n_per_group"": 200000.0, ""rho_a"": 0.3, ""rho_b"": 0.1}",0.3,0.1,0.5,200000,empirical_signed_gap,0.031094999999999984,synthetic,ALL,not_applicable,not_applicable
EXP-02,SYNTHETIC EXPERIMENT,1737,full,664a150484ed2af3,5af8a72b4eb0d7c1,"{""appeal_probability"": 0.5, ""n_per_group"": 200000.0, ""rho_a"": 0.3, ""rho_b"": 0.2}",0.3,0.2,0.5,200000,empirical_signed_gap,0.01332499999999992,synthetic,ALL,not_applicable,not_applicable
EXP-02,SYNTHETIC EXPERIMENT,1737,full,664a150484ed2af3,69258c5a2f136e5d,"{""appeal_probability"": 0.5, ""n_per_group"": 200000.0, ""rho_a"": 0.3, ""rho_b"": 0.3}",0.3,0.3,0.5,200000,empirical_signed_gap,-0.0012050000000000116,synthetic,ALL,not_applicable,not_applicable
EXP-02,SYNTHETIC EXPERIMENT,1737,full,664a150484ed2af3,0178694d93c51081,"{""appeal_probability"": 0.5, ""n_per_group"": 200000.0, ""rho_a"": 0.3, ""rho_b"": 0.4}",0.3,0.4,0.5,200000,empirical_signed_gap,-0.016444999999999932,synthetic,ALL,not_applicable,not_applicable
EXP-02,SYNTHETIC EXPERIMENT,1737,full,664a150484ed2af3,5b254630bbbc503c,"{""appeal_probability"": 0.5, ""n_per_group"": 200000.0, ""rho_a"": 0.3, ""rho_b"": 0.5}",0.3,0.5,0.5,200000,empirical_signed_gap,-0.029774999999999996,synthetic,ALL,not_applicable,not_applicable
EXP-02,SYNTHETIC EXPERIMENT,1737,full,664a150484ed2af3,c03d5c2125727b69,"{""appeal_probability"": 0.5, ""n_per_group"": 200000.0, ""rho_a"": 0.3, ""rho_b"": 0.6}",0.3,0.6,0.5,200000,empirical_signed_gap,-0.04254999999999998,synthetic,ALL,not_applicable,not_applicable
EXP-02,SYNTHETIC EXPERIMENT,1737,full,664a150484ed2af3,664f57afebfd7da9,"{""appeal_probability"": 0.5, ""n_per_group"": 200000.0, ""rho_a"": 0.3, ""rho_b"": 0.7}",0.3,0.7,0.5,200000,empirical_signed_gap,-0.057744999999999935,synthetic,ALL,not_applicable,not_applicable
EXP-02,SYNTHETIC EXPERIMENT,1737,full,664a150484ed2af3,e112c55e927fd266,"{""appeal_probability"": 0.5, ""n_per_group"": 200000.0, ""rho_a"": 0.3, ""rho_b"": 0.8}",0.3,0.8,0.5,200000,empirical_signed_gap,-0.07572000000000001,synthetic,ALL,not_applicable,not_applicable
EXP-02,SYNTHETIC EXPERIMENT,1737,full,664a150484ed2af3,eac3d031fb5ed8cd,"{""appeal_probability"": 0.5, ""n_per_group"": 200000.0, ""rho_a"": 0.3, ""rho_b"": 0.9}",0.3,0.9,0.5,200000,empirical_signed_gap,-0.08699999999999997,synthetic,ALL,not_applicable,not_applicable
EXP-02,SYNTHETIC EXPERIMENT,1737,full,664a150484ed2af3,2213397dc3a8e648,"{""appeal_probability"": 0.5, ""n_per_group"": 200000.0, ""rho_a"": 0.3, ""rho_b"": 1.0}",0.3,1.0,0.5,200000,empirical_signed_gap,-0.10582500000000006,synthetic,ALL,not_applicable,not_applicable
EXP-02,SYNTHETIC EXPERIMENT,1737,full,664a150484ed2af3,8a9d19d6cc8280fa,"{""appeal_probability"": 0.5, ""n_per_group"": 200000.0, ""rho_a"": 0.4, ""rho_b"": 0.0}",0.4,0.0,0.5,200000,empirical_signed_gap,0.06025999999999998,synthetic,ALL,not_applicable,not_applicable
EXP-02,SYNTHETIC EXPERIMENT,1737,full,664a150484ed2af3,05988395930b3746,"{""appeal_probability"": 0.5, ""n_per_group"": 200000.0, ""rho_a"": 0.4, ""rho_b"": 0.1}",0.4,0.1,0.5,200000,empirical_signed_gap,0.046520000000000006,synthetic,ALL,not_applicable,not_applicable
EXP-02,SYNTHETIC EXPERIMENT,1737,full,664a150484ed2af3,d0e37766bdebdf24,"{""appeal_probability"": 0.5, ""n_per_group"": 200000.0, ""rho_a"": 0.4, ""rho_b"": 0.2}",0.4,0.2,0.5,200000,empirical_signed_gap,0.03092499999999998,synthetic,ALL,not_applicable,not_applicable
EXP-02,SYNTHETIC EXPERIMENT,1737,full,664a150484ed2af3,628575ac7e1650fd,"{""appeal_probability"": 0.5, ""n_per_group"": 200000.0, ""rho_a"": 0.4, ""rho_b"": 0.3}",0.4,0.3,0.5,200000,empirical_signed_gap,0.014040000000000052,synthetic,ALL,not_applicable,not_applicable
EXP-02,SYNTHETIC EXPERIMENT,1737,full,664a150484ed2af3,aea08851c9b39811,"{""appeal_probability"": 0.5, ""n_per_group"": 200000.0, ""rho_a"": 0.4, ""rho_b"": 0.4}",0.4,0.4,0.5,200000,empirical_signed_gap,-0.0005349999999999522,synthetic,ALL,not_applicable,not_applicable
EXP-02,SYNTHETIC EXPERIMENT,1737,full,664a150484ed2af3,193207b15adfd604,"{""appeal_probability"": 0.5, ""n_per_group"": 200000.0, ""rho_a"": 0.4, ""rho_b"": 0.5}",0.4,0.5,0.5,200000,empirical_signed_gap,-0.015129999999999977,synthetic,ALL,not_applicable,not_applicable
EXP-02,SYNTHETIC EXPERIMENT,1737,full,664a150484ed2af3,0ff0428d333f94e4,"{""appeal_probability"": 0.5, ""n_per_group"": 200000.0, ""rho_a"": 0.4, ""rho_b"": 0.6}",0.4,0.6,0.5,200000,empirical_signed_gap,-0.028739999999999988,synthetic,ALL,not_applicable,not_applicable
EXP-02,SYNTHETIC EXPERIMENT,1737,full,664a150484ed2af3,10546a5b7c1cdecb,"{""appeal_probability"": 0.5, ""n_per_group"": 200000.0, ""rho_a"": 0.4, ""rho_b"": 0.7}",0.4,0.7,0.5,200000,empirical_signed_gap,-0.04358000000000006,synthetic,ALL,not_applicable,not_applicable
EXP-02,SYNTHETIC EXPERIMENT,1737,full,664a150484ed2af3,ad76ce794733c875,"{""appeal_probability"": 0.5, ""n_per_group"": 200000.0, ""rho_a"": 0.4, ""rho_b"": 0.8}",0.4,0.8,0.5,200000,empirical_signed_gap,-0.05996999999999997,synthetic,ALL,not_applicable,not_applicable
EXP-02,SYNTHETIC EXPERIMENT,1737,full,664a150484ed2af3,94c4644f0f1b7a32,"{""appeal_probability"": 0.5, ""n_per_group"": 200000.0, ""rho_a"": 0.4, ""rho_b"": 0.9}",0.4,0.9,0.5,200000,empirical_signed_gap,-0.07506000000000002,synthetic,ALL,not_applicable,not_applicable
EXP-02,SYNTHETIC EXPERIMENT,1737,full,664a150484ed2af3,7d93ab2421b215a6,"{""appeal_probability"": 0.5, ""n_per_group"": 200000.0, ""rho_a"": 0.4, ""rho_b"": 1.0}",0.4,1.0,0.5,200000,empirical_signed_gap,-0.09023999999999999,synthetic,ALL,not_applicable,not_applicable
EXP-02,SYNTHETIC EXPERIMENT,1737,full,664a150484ed2af3,21165b4c3d42f62c,"{""appeal_probability"": 0.5, ""n_per_group"": 200000.0, ""rho_a"": 0.5, ""rho_b"": 0.0}",0.5,0.0,0.5,200000,empirical_signed_gap,0.07662499999999994,synthetic,ALL,not_applicable,not_applicable
EXP-02,SYNTHETIC EXPERIMENT,1737,full,664a150484ed2af3,9c191ef7081458df,"{""appeal_probability"": 0.5, ""n_per_group"": 200000.0, ""rho_a"": 0.5, ""rho_b"": 0.1}",0.5,0.1,0.5,200000,empirical_signed_gap,0.05928500000000003,synthetic,ALL,not_applicable,not_applicable
EXP-02,SYNTHETIC EXPERIMENT,1737,full,664a150484ed2af3,fc803628f5f554d9,"{""appeal_probability"": 0.5, ""n_per_group"": 200000.0, ""rho_a"": 0.5, ""rho_b"": 0.2}",0.5,0.2,0.5,200000,empirical_signed_gap,0.04492000000000007,synthetic,ALL,not_applicable,not_applicable
EXP-02,SYNTHETIC EXPERIMENT,1737,full,664a150484ed2af3,e4c3420af9c462d1,"{""appeal_probability"": 0.5, ""n_per_group"": 200000.0, ""rho_a"": 0.5, ""rho_b"": 0.3}",0.5,0.3,0.5,200000,empirical_signed_gap,0.029105000000000047,synthetic,ALL,not_applicable,not_applicable
EXP-02,SYNTHETIC EXPERIMENT,1737,full,664a150484ed2af3,3f863d544909e3d5,"{""appeal_probability"": 0.5, ""n_per_group"": 200000.0, ""rho_a"": 0.5, ""rho_b"": 0.4}",0.5,0.4,0.5,200000,empirical_signed_gap,0.014735000000000054,synthetic,ALL,not_applicable,not_applicable
EXP-02,SYNTHETIC EXPERIMENT,1737,full,664a150484ed2af3,2dedf7734ce6cc15,"{""appeal_probability"": 0.5, ""n_per_group"": 200000.0, ""rho_a"": 0.5, ""rho_b"": 0.5}",0.5,0.5,0.5,200000,empirical_signed_gap,1.0000000000065512e-05,synthetic,ALL,not_applicable,not_applicable
EXP-02,SYNTHETIC EXPERIMENT,1737,full,664a150484ed2af3,60a2c7657bd41d01,"{""appeal_probability"": 0.5, ""n_per_group"": 200000.0, ""rho_a"": 0.5, ""rho_b"": 0.6}",0.5,0.6,0.5,200000,empirical_signed_gap,-0.01668499999999995,synthetic,ALL,not_applicable,not_applicable
EXP-02,SYNTHETIC EXPERIMENT,1737,full,664a150484ed2af3,8228b144176b3d84,"{""appeal_probability"": 0.5, ""n_per_group"": 200000.0, ""rho_a"": 0.5, ""rho_b"": 0.7}",0.5,0.7,0.5,200000,empirical_signed_gap,-0.03147,synthetic,ALL,not_applicable,not_applicable
EXP-02,SYNTHETIC EXPERIMENT,1737,full,664a150484ed2af3,c0782429368935a2,"{""appeal_probability"": 0.5, ""n_per_group"": 200000.0, ""rho_a"": 0.5, ""rho_b"": 0.8}",0.5,0.8,0.5,200000,empirical_signed_gap,-0.04563499999999998,synthetic,ALL,not_applicable,not_applicable
EXP-02,SYNTHETIC EXPERIMENT,1737,full,664a150484ed2af3,73f6122ef069290e,"{""appeal_probability"": 0.5, ""n_per_group"": 200000.0, ""rho_a"": 0.5, ""rho_b"": 0.9}",0.5,0.9,0.5,200000,empirical_signed_gap,-0.06082499999999991,synthetic,ALL,not_applicable,not_applicable
EXP-02,SYNTHETIC EXPERIMENT,1737,full,664a150484ed2af3,bda2615f081c352a,"{""appeal_probability"": 0.5, ""n_per_group"": 200000.0, ""rho_a"": 0.5, ""rho_b"": 1.0}",0.5,1.0,0.5,200000,empirical_signed_gap,-0.07840000000000003,synthetic,ALL,not_applicable,not_applicable
EXP-02,SYNTHETIC EXPERIMENT,1737,full,664a150484ed2af3,22531d0ed7e7bb13,"{""appeal_probability"": 0.5, ""n_per_group"": 200000.0, ""rho_a"": 0.6, ""rho_b"": 0.0}",0.6,0.0,0.5,200000,empirical_signed_gap,0.08899500000000005,synthetic,ALL,not_applicable,not_applicable
EXP-02,SYNTHETIC EXPERIMENT,1737,full,664a150484ed2af3,97feceb5c7306897,"{""appeal_probability"": 0.5, ""n_per_group"": 200000.0, ""rho_a"": 0.6, ""rho_b"": 0.1}",0.6,0.1,0.5,200000,empirical_signed_gap,0.07616999999999996,synthetic,ALL,not_applicable,not_applicable
EXP-02,SYNTHETIC EXPERIMENT,1737,full,664a150484ed2af3,3af81c1f6cf3194a,"{""appeal_probability"": 0.5, ""n_per_group"": 200000.0, ""rho_a"": 0.6, ""rho_b"": 0.2}",0.6,0.2,0.5,200000,empirical_signed_gap,0.05898999999999999,synthetic,ALL,not_applicable,not_applicable
EXP-02,SYNTHETIC EXPERIMENT,1737,full,664a150484ed2af3,a7edd86d8981df1f,"{""appeal_probability"": 0.5, ""n_per_group"": 200000.0, ""rho_a"": 0.6, ""rho_b"": 0.3}",0.6,0.3,0.5,200000,empirical_signed_gap,0.04444999999999999,synthetic,ALL,not_applicable,not_applicable
EXP-02,SYNTHETIC EXPERIMENT,1737,full,664a150484ed2af3,64fda179a6c4c6d6,"{""appeal_probability"": 0.5, ""n_per_group"": 200000.0, ""rho_a"": 0.6, ""rho_b"": 0.4}",0.6,0.4,0.5,200000,empirical_signed_gap,0.029285000000000005,synthetic,ALL,not_applicable,not_applicable
EXP-02,SYNTHETIC EXPERIMENT,1737,full,664a150484ed2af3,bed113e4b3119f41,"{""appeal_probability"": 0.5, ""n_per_group"": 200000.0, ""rho_a"": 0.6, ""rho_b"": 0.5}",0.6,0.5,0.5,200000,empirical_signed_gap,0.014409999999999923,synthetic,ALL,not_applicable,not_applicable
EXP-02,SYNTHETIC EXPERIMENT,1737,full,664a150484ed2af3,72661b835bf7af63,"{""appeal_probability"": 0.5, ""n_per_group"": 200000.0, ""rho_a"": 0.6, ""rho_b"": 0.6}",0.6,0.6,0.5,200000,empirical_signed_gap,-0.002695000000000003,synthetic,ALL,not_applicable,not_applicable
EXP-02,SYNTHETIC EXPERIMENT,1737,full,664a150484ed2af3,c9aca828f8c2af22,"{""appeal_probability"": 0.5, ""n_per_group"": 200000.0, ""rho_a"": 0.6, ""rho_b"": 0.7}",0.6,0.7,0.5,200000,empirical_signed_gap,-0.014970000000000039,synthetic,ALL,not_applicable,not_applicable
EXP-02,SYNTHETIC EXPERIMENT,1737,full,664a150484ed2af3,fb55591aefebd3cf,"{""appeal_probability"": 0.5, ""n_per_group"": 200000.0, ""rho_a"": 0.6, ""rho_b"": 0.8}",0.6,0.8,0.5,200000,empirical_signed_gap,-0.03110500000000005,synthetic,ALL,not_applicable,not_applicable
EXP-02,SYNTHETIC EXPERIMENT,1737,full,664a150484ed2af3,e110e020a55d5939,"{""appeal_probability"": 0.5, ""n_per_group"": 200000.0, ""rho_a"": 0.6, ""rho_b"": 0.9}",0.6,0.9,0.5,200000,empirical_signed_gap,-0.04530500000000004,synthetic,ALL,not_applicable,not_applicable
EXP-02,SYNTHETIC EXPERIMENT,1737,full,664a150484ed2af3,9dd7e61f8a5f91aa,"{""appeal_probability"": 0.5, ""n_per_group"": 200000.0, ""rho_a"": 0.6, ""rho_b"": 1.0}",0.6,1.0,0.5,200000,empirical_signed_gap,-0.061065000000000036,synthetic,ALL,not_applicable,not_applicable
EXP-02,SYNTHETIC EXPERIMENT,1737,full,664a150484ed2af3,3d0393c7df5c3e8c,"{""appeal_probability"": 0.5, ""n_per_group"": 200000.0, ""rho_a"": 0.7, ""rho_b"": 0.0}",0.7,0.0,0.5,200000,empirical_signed_gap,0.10273499999999991,synthetic,ALL,not_applicable,not_applicable
EXP-02,SYNTHETIC EXPERIMENT,1737,full,664a150484ed2af3,3df3220e7ee7fa4f,"{""appeal_probability"": 0.5, ""n_per_group"": 200000.0, ""rho_a"": 0.7, ""rho_b"": 0.1}",0.7,0.1,0.5,200000,empirical_signed_gap,0.08938000000000001,synthetic,ALL,not_applicable,not_applicable
EXP-02,SYNTHETIC EXPERIMENT,1737,full,664a150484ed2af3,c791a91ba4abd8e6,"{""appeal_probability"": 0.5, ""n_per_group"": 200000.0, ""rho_a"": 0.7, ""rho_b"": 0.2}",0.7,0.2,0.5,200000,empirical_signed_gap,0.07568999999999992,synthetic,ALL,not_applicable,not_applicable
EXP-02,SYNTHETIC EXPERIMENT,1737,full,664a150484ed2af3,0253206bfd4f2b2b,"{""appeal_probability"": 0.5, ""n_per_group"": 200000.0, ""rho_a"": 0.7, ""rho_b"": 0.3}",0.7,0.3,0.5,200000,empirical_signed_gap,0.06037500000000007,synthetic,ALL,not_applicable,not_applicable
EXP-02,SYNTHETIC EXPERIMENT,1737,full,664a150484ed2af3,e169739ed6dd7b86,"{""appeal_probability"": 0.5, ""n_per_group"": 200000.0, ""rho_a"": 0.7, ""rho_b"": 0.4}",0.7,0.4,0.5,200000,empirical_signed_gap,0.04471000000000003,synthetic,ALL,not_applicable,not_applicable
EXP-02,SYNTHETIC EXPERIMENT,1737,full,664a150484ed2af3,43aecebe4b27d744,"{""appeal_probability"": 0.5, ""n_per_group"": 200000.0, ""rho_a"": 0.7, ""rho_b"": 0.5}",0.7,0.5,0.5,200000,empirical_signed_gap,0.02733500000000011,synthetic,ALL,not_applicable,not_applicable
EXP-02,SYNTHETIC EXPERIMENT,1737,full,664a150484ed2af3,f92751b7e949137a,"{""appeal_probability"": 0.5, ""n_per_group"": 200000.0, ""rho_a"": 0.7, ""rho_b"": 0.6}",0.7,0.6,0.5,200000,empirical_signed_gap,0.01627499999999993,synthetic,ALL,not_applicable,not_applicable
EXP-02,SYNTHETIC EXPERIMENT,1737,full,664a150484ed2af3,78bafc9d3355be7c,"{""appeal_probability"": 0.5, ""n_per_group"": 200000.0, ""rho_a"": 0.7, ""rho_b"": 0.7}",0.7,0.7,0.5,200000,empirical_signed_gap,-0.0018699999999999273,synthetic,ALL,not_applicable,not_applicable
EXP-02,SYNTHETIC EXPERIMENT,1737,full,664a150484ed2af3,099a785a1bde3663,"{""appeal_probability"": 0.5, ""n_per_group"": 200000.0, ""rho_a"": 0.7, ""rho_b"": 0.8}",0.7,0.8,0.5,200000,empirical_signed_gap,-0.015064999999999995,synthetic,ALL,not_applicable,not_applicable
EXP-02,SYNTHETIC EXPERIMENT,1737,full,664a150484ed2af3,6c8112178a3a6cc2,"{""appeal_probability"": 0.5, ""n_per_group"": 200000.0, ""rho_a"": 0.7, ""rho_b"": 0.9}",0.7,0.9,0.5,200000,empirical_signed_gap,-0.030309999999999948,synthetic,ALL,not_applicable,not_applicable
EXP-02,SYNTHETIC EXPERIMENT,1737,full,664a150484ed2af3,aeb6c97be057314f,"{""appeal_probability"": 0.5, ""n_per_group"": 200000.0, ""rho_a"": 0.7, ""rho_b"": 1.0}",0.7,1.0,0.5,200000,empirical_signed_gap,-0.045195000000000096,synthetic,ALL,not_applicable,not_applicable
EXP-02,SYNTHETIC EXPERIMENT,1737,full,664a150484ed2af3,e4e7ab32b21f0d9a,"{""appeal_probability"": 0.5, ""n_per_group"": 200000.0, ""rho_a"": 0.8, ""rho_b"": 0.0}",0.8,0.0,0.5,200000,empirical_signed_gap,0.12157999999999991,synthetic,ALL,not_applicable,not_applicable
EXP-02,SYNTHETIC EXPERIMENT,1737,full,664a150484ed2af3,8fa1bc197628a877,"{""appeal_probability"": 0.5, ""n_per_group"": 200000.0, ""rho_a"": 0.8, ""rho_b"": 0.1}",0.8,0.1,0.5,200000,empirical_signed_gap,0.10461999999999994,synthetic,ALL,not_applicable,not_applicable
EXP-02,SYNTHETIC EXPERIMENT,1737,full,664a150484ed2af3,7a5b9a56f1be084d,"{""appeal_probability"": 0.5, ""n_per_group"": 200000.0, ""rho_a"": 0.8, ""rho_b"": 0.2}",0.8,0.2,0.5,200000,empirical_signed_gap,0.09153,synthetic,ALL,not_applicable,not_applicable
EXP-02,SYNTHETIC EXPERIMENT,1737,full,664a150484ed2af3,ce319f5961eb4c4a,"{""appeal_probability"": 0.5, ""n_per_group"": 200000.0, ""rho_a"": 0.8, ""rho_b"": 0.3}",0.8,0.3,0.5,200000,empirical_signed_gap,0.07494499999999993,synthetic,ALL,not_applicable,not_applicable
EXP-02,SYNTHETIC EXPERIMENT,1737,full,664a150484ed2af3,c0466a0fc6068a1f,"{""appeal_probability"": 0.5, ""n_per_group"": 200000.0, ""rho_a"": 0.8, ""rho_b"": 0.4}",0.8,0.4,0.5,200000,empirical_signed_gap,0.059660000000000046,synthetic,ALL,not_applicable,not_applicable
EXP-02,SYNTHETIC EXPERIMENT,1737,full,664a150484ed2af3,cb3e895029164d3a,"{""appeal_probability"": 0.5, ""n_per_group"": 200000.0, ""rho_a"": 0.8, ""rho_b"": 0.5}",0.8,0.5,0.5,200000,empirical_signed_gap,0.04377500000000001,synthetic,ALL,not_applicable,not_applicable
EXP-02,SYNTHETIC EXPERIMENT,1737,full,664a150484ed2af3,7c1d04aca593c1e4,"{""appeal_probability"": 0.5, ""n_per_group"": 200000.0, ""rho_a"": 0.8, ""rho_b"": 0.6}",0.8,0.6,0.5,200000,empirical_signed_gap,0.030770000000000075,synthetic,ALL,not_applicable,not_applicable
EXP-02,SYNTHETIC EXPERIMENT,1737,full,664a150484ed2af3,0355ba2f014848b0,"{""appeal_probability"": 0.5, ""n_per_group"": 200000.0, ""rho_a"": 0.8, ""rho_b"": 0.7}",0.8,0.7,0.5,200000,empirical_signed_gap,0.014415000000000067,synthetic,ALL,not_applicable,not_applicable
EXP-02,SYNTHETIC EXPERIMENT,1737,full,664a150484ed2af3,f4b2c269ea8eff02,"{""appeal_probability"": 0.5, ""n_per_group"": 200000.0, ""rho_a"": 0.8, ""rho_b"": 0.8}",0.8,0.8,0.5,200000,empirical_signed_gap,0.0020900000000000363,synthetic,ALL,not_applicable,not_applicable
EXP-02,SYNTHETIC EXPERIMENT,1737,full,664a150484ed2af3,fdb42704ad3aa85f,"{""appeal_probability"": 0.5, ""n_per_group"": 200000.0, ""rho_a"": 0.8, ""rho_b"": 0.9}",0.8,0.9,0.5,200000,empirical_signed_gap,-0.013665000000000038,synthetic,ALL,not_applicable,not_applicable
EXP-02,SYNTHETIC EXPERIMENT,1737,full,664a150484ed2af3,520154c86a5e0d00,"{""appeal_probability"": 0.5, ""n_per_group"": 200000.0, ""rho_a"": 0.8, ""rho_b"": 1.0}",0.8,1.0,0.5,200000,empirical_signed_gap,-0.02803,synthetic,ALL,not_applicable,not_applicable
EXP-02,SYNTHETIC EXPERIMENT,1737,full,664a150484ed2af3,adc0366fc585c698,"{""appeal_probability"": 0.5, ""n_per_group"": 200000.0, ""rho_a"": 0.9, ""rho_b"": 0.0}",0.9,0.0,0.5,200000,empirical_signed_gap,0.135625,synthetic,ALL,not_applicable,not_applicable
EXP-02,SYNTHETIC EXPERIMENT,1737,full,664a150484ed2af3,338cb4e3b376d17e,"{""appeal_probability"": 0.5, ""n_per_group"": 200000.0, ""rho_a"": 0.9, ""rho_b"": 0.1}",0.9,0.1,0.5,200000,empirical_signed_gap,0.12043500000000007,synthetic,ALL,not_applicable,not_applicable
EXP-02,SYNTHETIC EXPERIMENT,1737,full,664a150484ed2af3,28a83485be70ac4a,"{""appeal_probability"": 0.5, ""n_per_group"": 200000.0, ""rho_a"": 0.9, ""rho_b"": 0.2}",0.9,0.2,0.5,200000,empirical_signed_gap,0.10582499999999995,synthetic,ALL,not_applicable,not_applicable
EXP-02,SYNTHETIC EXPERIMENT,1737,full,664a150484ed2af3,fb15f4e90091e93a,"{""appeal_probability"": 0.5, ""n_per_group"": 200000.0, ""rho_a"": 0.9, ""rho_b"": 0.3}",0.9,0.3,0.5,200000,empirical_signed_gap,0.08947000000000005,synthetic,ALL,not_applicable,not_applicable
EXP-02,SYNTHETIC EXPERIMENT,1737,full,664a150484ed2af3,2bd909a9f50f6342,"{""appeal_probability"": 0.5, ""n_per_group"": 200000.0, ""rho_a"": 0.9, ""rho_b"": 0.4}",0.9,0.4,0.5,200000,empirical_signed_gap,0.07540500000000006,synthetic,ALL,not_applicable,not_applicable
EXP-02,SYNTHETIC EXPERIMENT,1737,full,664a150484ed2af3,1c6d2980f2762ede,"{""appeal_probability"": 0.5, ""n_per_group"": 200000.0, ""rho_a"": 0.9, ""rho_b"": 0.5}",0.9,0.5,0.5,200000,empirical_signed_gap,0.06092500000000001,synthetic,ALL,not_applicable,not_applicable
EXP-02,SYNTHETIC EXPERIMENT,1737,full,664a150484ed2af3,da3a124848783a35,"{""appeal_probability"": 0.5, ""n_per_group"": 200000.0, ""rho_a"": 0.9, ""rho_b"": 0.6}",0.9,0.6,0.5,200000,empirical_signed_gap,0.04203000000000001,synthetic,ALL,not_applicable,not_applicable
EXP-02,SYNTHETIC EXPERIMENT,1737,full,664a150484ed2af3,6236ff27127adc1b,"{""appeal_probability"": 0.5, ""n_per_group"": 200000.0, ""rho_a"": 0.9, ""rho_b"": 0.7}",0.9,0.7,0.5,200000,empirical_signed_gap,0.028654999999999986,synthetic,ALL,not_applicable,not_applicable
EXP-02,SYNTHETIC EXPERIMENT,1737,full,664a150484ed2af3,b74771b6ce4fdc41,"{""appeal_probability"": 0.5, ""n_per_group"": 200000.0, ""rho_a"": 0.9, ""rho_b"": 0.8}",0.9,0.8,0.5,200000,empirical_signed_gap,0.015474999999999905,synthetic,ALL,not_applicable,not_applicable
EXP-02,SYNTHETIC EXPERIMENT,1737,full,664a150484ed2af3,8c165f15ec91a749,"{""appeal_probability"": 0.5, ""n_per_group"": 200000.0, ""rho_a"": 0.9, ""rho_b"": 0.9}",0.9,0.9,0.5,200000,empirical_signed_gap,0.0002449999999999397,synthetic,ALL,not_applicable,not_applicable
EXP-02,SYNTHETIC EXPERIMENT,1737,full,664a150484ed2af3,a98e036303548748,"{""appeal_probability"": 0.5, ""n_per_group"": 200000.0, ""rho_a"": 0.9, ""rho_b"": 1.0}",0.9,1.0,0.5,200000,empirical_signed_gap,-0.01391500000000001,synthetic,ALL,not_applicable,not_applicable
EXP-02,SYNTHETIC EXPERIMENT,1737,full,664a150484ed2af3,58d62102bfab66e2,"{""appeal_probability"": 0.5, ""n_per_group"": 200000.0, ""rho_a"": 1.0, ""rho_b"": 0.0}",1.0,0.0,0.5,200000,empirical_signed_gap,0.14972999999999992,synthetic,ALL,not_applicable,not_applicable
EXP-02,SYNTHETIC EXPERIMENT,1737,full,664a150484ed2af3,0a2cf6a9af223699,"{""appeal_probability"": 0.5, ""n_per_group"": 200000.0, ""rho_a"": 1.0, ""rho_b"": 0.1}",1.0,0.1,0.5,200000,empirical_signed_gap,0.134135,synthetic,ALL,not_applicable,not_applicable
EXP-02,SYNTHETIC EXPERIMENT,1737,full,664a150484ed2af3,770f43f13c53f7c8,"{""appeal_probability"": 0.5, ""n_per_group"": 200000.0, ""rho_a"": 1.0, ""rho_b"": 0.2}",1.0,0.2,0.5,200000,empirical_signed_gap,0.119255,synthetic,ALL,not_applicable,not_applicable
EXP-02,SYNTHETIC EXPERIMENT,1737,full,664a150484ed2af3,f94d20793cc846c6,"{""appeal_probability"": 0.5, ""n_per_group"": 200000.0, ""rho_a"": 1.0, ""rho_b"": 0.3}",1.0,0.3,0.5,200000,empirical_signed_gap,0.10416499999999995,synthetic,ALL,not_applicable,not_applicable
EXP-02,SYNTHETIC EXPERIMENT,1737,full,664a150484ed2af3,04751555e6c3ce2a,"{""appeal_probability"": 0.5, ""n_per_group"": 200000.0, ""rho_a"": 1.0, ""rho_b"": 0.4}",1.0,0.4,0.5,200000,empirical_signed_gap,0.08899000000000001,synthetic,ALL,not_applicable,not_applicable
EXP-02,SYNTHETIC EXPERIMENT,1737,full,664a150484ed2af3,5b95ad51e3ae326e,"{""appeal_probability"": 0.5, ""n_per_group"": 200000.0, ""rho_a"": 1.0, ""rho_b"": 0.5}",1.0,0.5,0.5,200000,empirical_signed_gap,0.07381000000000004,synthetic,ALL,not_applicable,not_applicable
EXP-02,SYNTHETIC EXPERIMENT,1737,full,664a150484ed2af3,7e6e3935e4d40393,"{""appeal_probability"": 0.5, ""n_per_group"": 200000.0, ""rho_a"": 1.0, ""rho_b"": 0.6}",1.0,0.6,0.5,200000,empirical_signed_gap,0.06033500000000003,synthetic,ALL,not_applicable,not_applicable
EXP-02,SYNTHETIC EXPERIMENT,1737,full,664a150484ed2af3,1eaebe6991e2156e,"{""appeal_probability"": 0.5, ""n_per_group"": 200000.0, ""rho_a"": 1.0, ""rho_b"": 0.7}",1.0,0.7,0.5,200000,empirical_signed_gap,0.04375499999999999,synthetic,ALL,not_applicable,not_applicable
EXP-02,SYNTHETIC EXPERIMENT,1737,full,664a150484ed2af3,410aa5ea0b4d0b26,"{""appeal_probability"": 0.5, ""n_per_group"": 200000.0, ""rho_a"": 1.0, ""rho_b"": 0.8}",1.0,0.8,0.5,200000,empirical_signed_gap,0.030135000000000023,synthetic,ALL,not_applicable,not_applicable
EXP-02,SYNTHETIC EXPERIMENT,1737,full,664a150484ed2af3,3b0f20b70c8cec86,"{""appeal_probability"": 0.5, ""n_per_group"": 200000.0, ""rho_a"": 1.0, ""rho_b"": 0.9}",1.0,0.9,0.5,200000,empirical_signed_gap,0.014885000000000037,synthetic,ALL,not_applicable,not_applicable
EXP-02,SYNTHETIC EXPERIMENT,1737,full,664a150484ed2af3,ea8069bcb0b60c2a,"{""appeal_probability"": 0.5, ""n_per_group"": 200000.0, ""rho_a"": 1.0, ""rho_b"": 1.0}",1.0,1.0,0.5,200000,empirical_signed_gap,0.0002950000000000452,synthetic,ALL,not_applicable,not_applicable
EXP-02,SYNTHETIC EXPERIMENT,1737,full,664a150484ed2af3,46d2cbaef9891999,"{""appeal_probability"": 0.5, ""n_per_group"": 200000.0, ""rho_a"": 0.0, ""rho_b"": 0.0}",0.0,0.0,0.5,200000,absolute_error,0.0018599999999999728,synthetic,ALL,not_applicable,not_applicable
EXP-02,SYNTHETIC EXPERIMENT,1737,full,664a150484ed2af3,b45e25ba476fa3e9,"{""appeal_probability"": 0.5, ""n_per_group"": 200000.0, ""rho_a"": 0.0, ""rho_b"": 0.1}",0.0,0.1,0.5,200000,absolute_error,0.0008749999999999487,synthetic,ALL,not_applicable,not_applicable
EXP-02,SYNTHETIC EXPERIMENT,1737,full,664a150484ed2af3,821172329304cf7c,"{""appeal_probability"": 0.5, ""n_per_group"": 200000.0, ""rho_a"": 0.0, ""rho_b"": 0.2}",0.0,0.2,0.5,200000,absolute_error,0.0020599999999999716,synthetic,ALL,not_applicable,not_applicable
EXP-02,SYNTHETIC EXPERIMENT,1737,full,664a150484ed2af3,cd2268a31bbe1c44,"{""appeal_probability"": 0.5, ""n_per_group"": 200000.0, ""rho_a"": 0.0, ""rho_b"": 0.3}",0.0,0.3,0.5,200000,absolute_error,0.002370000000000018,synthetic,ALL,not_applicable,not_applicable
EXP-02,SYNTHETIC EXPERIMENT,1737,full,664a150484ed2af3,87ebca6abe7c6f2b,"{""appeal_probability"": 0.5, ""n_per_group"": 200000.0, ""rho_a"": 0.0, ""rho_b"": 0.4}",0.0,0.4,0.5,200000,absolute_error,0.001610000000000042,synthetic,ALL,not_applicable,not_applicable
EXP-02,SYNTHETIC EXPERIMENT,1737,full,664a150484ed2af3,84ff48fa0a7a269a,"{""appeal_probability"": 0.5, ""n_per_group"": 200000.0, ""rho_a"": 0.0, ""rho_b"": 0.5}",0.0,0.5,0.5,200000,absolute_error,0.0020399999999999863,synthetic,ALL,not_applicable,not_applicable
EXP-02,SYNTHETIC EXPERIMENT,1737,full,664a150484ed2af3,5566f0215f5fa98f,"{""appeal_probability"": 0.5, ""n_per_group"": 200000.0, ""rho_a"": 0.0, ""rho_b"": 0.6}",0.0,0.6,0.5,200000,absolute_error,0.0014800000000000785,synthetic,ALL,not_applicable,not_applicable
EXP-02,SYNTHETIC EXPERIMENT,1737,full,664a150484ed2af3,8b7be240f0bbff18,"{""appeal_probability"": 0.5, ""n_per_group"": 200000.0, ""rho_a"": 0.0, ""rho_b"": 0.7}",0.0,0.7,0.5,200000,absolute_error,0.0003899999999999737,synthetic,ALL,not_applicable,not_applicable
EXP-02,SYNTHETIC EXPERIMENT,1737,full,664a150484ed2af3,5fd3cf9ab4c1804c,"{""appeal_probability"": 0.5, ""n_per_group"": 200000.0, ""rho_a"": 0.0, ""rho_b"": 0.8}",0.0,0.8,0.5,200000,absolute_error,8.50000000000295e-05,synthetic,ALL,not_applicable,not_applicable
EXP-02,SYNTHETIC EXPERIMENT,1737,full,664a150484ed2af3,063267931d9ac1a4,"{""appeal_probability"": 0.5, ""n_per_group"": 200000.0, ""rho_a"": 0.0, ""rho_b"": 0.9}",0.0,0.9,0.5,200000,absolute_error,0.0004100000000000492,synthetic,ALL,not_applicable,not_applicable
EXP-02,SYNTHETIC EXPERIMENT,1737,full,664a150484ed2af3,f643619a7a803217,"{""appeal_probability"": 0.5, ""n_per_group"": 200000.0, ""rho_a"": 0.0, ""rho_b"": 1.0}",0.0,1.0,0.5,200000,absolute_error,0.0009099999999999664,synthetic,ALL,not_applicable,not_applicable
EXP-02,SYNTHETIC EXPERIMENT,1737,full,664a150484ed2af3,3ddbc523ad32b71b,"{""appeal_probability"": 0.5, ""n_per_group"": 200000.0, ""rho_a"": 0.1, ""rho_b"": 0.0}",0.1,0.0,0.5,200000,absolute_error,0.00019499999999995563,synthetic,ALL,not_applicable,not_applicable
EXP-02,SYNTHETIC EXPERIMENT,1737,full,664a150484ed2af3,75346f0572b8fced,"{""appeal_probability"": 0.5, ""n_per_group"": 200000.0, ""rho_a"": 0.1, ""rho_b"": 0.1}",0.1,0.1,0.5,200000,absolute_error,0.0015999999999999348,synthetic,ALL,not_applicable,not_applicable
EXP-02,SYNTHETIC EXPERIMENT,1737,full,664a150484ed2af3,27c459bd3ff84ada,"{""appeal_probability"": 0.5, ""n_per_group"": 200000.0, ""rho_a"": 0.1, ""rho_b"": 0.2}",0.1,0.2,0.5,200000,absolute_error,0.0007650000000000053,synthetic,ALL,not_applicable,not_applicable
EXP-02,SYNTHETIC EXPERIMENT,1737,full,664a150484ed2af3,14147eb95808aa69,"{""appeal_probability"": 0.5, ""n_per_group"": 200000.0, ""rho_a"": 0.1, ""rho_b"": 0.3}",0.1,0.3,0.5,200000,absolute_error,0.0008800000000000162,synthetic,ALL,not_applicable,not_applicable
EXP-02,SYNTHETIC EXPERIMENT,1737,full,664a150484ed2af3,162e861a609ab552,"{""appeal_probability"": 0.5, ""n_per_group"": 200000.0, ""rho_a"": 0.1, ""rho_b"": 0.4}",0.1,0.4,0.5,200000,absolute_error,0.001880000000000076,synthetic,ALL,not_applicable,not_applicable
EXP-02,SYNTHETIC EXPERIMENT,1737,full,664a150484ed2af3,d19891238f2df6d0,"{""appeal_probability"": 0.5, ""n_per_group"": 200000.0, ""rho_a"": 0.1, ""rho_b"": 0.5}",0.1,0.5,0.5,200000,absolute_error,0.0004599999999999743,synthetic,ALL,not_applicable,not_applicable
EXP-02,SYNTHETIC EXPERIMENT,1737,full,664a150484ed2af3,b712ed1f2d0f3801,"{""appeal_probability"": 0.5, ""n_per_group"": 200000.0, ""rho_a"": 0.1, ""rho_b"": 0.6}",0.1,0.6,0.5,200000,absolute_error,0.0020749999999999935,synthetic,ALL,not_applicable,not_applicable
EXP-02,SYNTHETIC EXPERIMENT,1737,full,664a150484ed2af3,f14dcec7f839c85a,"{""appeal_probability"": 0.5, ""n_per_group"": 200000.0, ""rho_a"": 0.1, ""rho_b"": 0.7}",0.1,0.7,0.5,200000,absolute_error,0.00020000000000004736,synthetic,ALL,not_applicable,not_applicable
EXP-02,SYNTHETIC EXPERIMENT,1737,full,664a150484ed2af3,b5ffe309719df0a3,"{""appeal_probability"": 0.5, ""n_per_group"": 200000.0, ""rho_a"": 0.1, ""rho_b"": 0.8}",0.1,0.8,0.5,200000,absolute_error,0.0008399999999999935,synthetic,ALL,not_applicable,not_applicable
EXP-02,SYNTHETIC EXPERIMENT,1737,full,664a150484ed2af3,27fb9de2110f6307,"{""appeal_probability"": 0.5, ""n_per_group"": 200000.0, ""rho_a"": 0.1, ""rho_b"": 0.9}",0.1,0.9,0.5,200000,absolute_error,0.0008449999999999569,synthetic,ALL,not_applicable,not_applicable
EXP-02,SYNTHETIC EXPERIMENT,1737,full,664a150484ed2af3,e16b123eef9485e5,"{""appeal_probability"": 0.5, ""n_per_group"": 200000.0, ""rho_a"": 0.1, ""rho_b"": 1.0}",0.1,1.0,0.5,200000,absolute_error,3.5000000000035e-05,synthetic,ALL,not_applicable,not_applicable
EXP-02,SYNTHETIC EXPERIMENT,1737,full,664a150484ed2af3,467e73a8295d1395,"{""appeal_probability"": 0.5, ""n_per_group"": 200000.0, ""rho_a"": 0.2, ""rho_b"": 0.0}",0.2,0.0,0.5,200000,absolute_error,0.0014850000000000488,synthetic,ALL,not_applicable,not_applicable
EXP-02,SYNTHETIC EXPERIMENT,1737,full,664a150484ed2af3,c34a187f9d9ec666,"{""appeal_probability"": 0.5, ""n_per_group"": 200000.0, ""rho_a"": 0.2, ""rho_b"": 0.1}",0.2,0.1,0.5,200000,absolute_error,0.002144999999999942,synthetic,ALL,not_applicable,not_applicable
EXP-02,SYNTHETIC EXPERIMENT,1737,full,664a150484ed2af3,0c3ef9ffaba300f4,"{""appeal_probability"": 0.5, ""n_per_group"": 200000.0, ""rho_a"": 0.2, ""rho_b"": 0.2}",0.2,0.2,0.5,200000,absolute_error,0.0014899999999999913,synthetic,ALL,not_applicable,not_applicable
EXP-02,SYNTHETIC EXPERIMENT,1737,full,664a150484ed2af3,61e9dc20467a050a,"{""appeal_probability"": 0.5, ""n_per_group"": 200000.0, ""rho_a"": 0.2, ""rho_b"": 0.3}",0.2,0.3,0.5,200000,absolute_error,0.0013349999999999612,synthetic,ALL,not_applicable,not_applicable
EXP-02,SYNTHETIC EXPERIMENT,1737,full,664a150484ed2af3,0c35081032c9fcf3,"{""appeal_probability"": 0.5, ""n_per_group"": 200000.0, ""rho_a"": 0.2, ""rho_b"": 0.4}",0.2,0.4,0.5,200000,absolute_error,0.0007199999999999637,synthetic,ALL,not_applicable,not_applicable
EXP-02,SYNTHETIC EXPERIMENT,1737,full,664a150484ed2af3,0ec681270423e4ce,"{""appeal_probability"": 0.5, ""n_per_group"": 200000.0, ""rho_a"": 0.2, ""rho_b"": 0.5}",0.2,0.5,0.5,200000,absolute_error,0.0008400000000000282,synthetic,ALL,not_applicable,not_applicable
EXP-02,SYNTHETIC EXPERIMENT,1737,full,664a150484ed2af3,fbf9dcf2016f3a09,"{""appeal_probability"": 0.5, ""n_per_group"": 200000.0, ""rho_a"": 0.2, ""rho_b"": 0.6}",0.2,0.6,0.5,200000,absolute_error,0.0008800000000000543,synthetic,ALL,not_applicable,not_applicable
EXP-02,SYNTHETIC EXPERIMENT,1737,full,664a150484ed2af3,9990749ae4bdea4c,"{""appeal_probability"": 0.5, ""n_per_group"": 200000.0, ""rho_a"": 0.2, ""rho_b"": 0.7}",0.2,0.7,0.5,200000,absolute_error,0.0005799999999999833,synthetic,ALL,not_applicable,not_applicable
EXP-02,SYNTHETIC EXPERIMENT,1737,full,664a150484ed2af3,5c3176d597806058,"{""appeal_probability"": 0.5, ""n_per_group"": 200000.0, ""rho_a"": 0.2, ""rho_b"": 0.8}",0.2,0.8,0.5,200000,absolute_error,0.002144999999999897,synthetic,ALL,not_applicable,not_applicable
EXP-02,SYNTHETIC EXPERIMENT,1737,full,664a150484ed2af3,8c7936c14178e3d1,"{""appeal_probability"": 0.5, ""n_per_group"": 200000.0, ""rho_a"": 0.2, ""rho_b"": 0.9}",0.2,0.9,0.5,200000,absolute_error,0.0017850000000000088,synthetic,ALL,not_applicable,not_applicable
EXP-02,SYNTHETIC EXPERIMENT,1737,full,664a150484ed2af3,4fec8771cc37c134,"{""appeal_probability"": 0.5, ""n_per_group"": 200000.0, ""rho_a"": 0.2, ""rho_b"": 1.0}",0.2,1.0,0.5,200000,absolute_error,5.0000000000050004e-06,synthetic,ALL,not_applicable,not_applicable
EXP-02,SYNTHETIC EXPERIMENT,1737,full,664a150484ed2af3,deaabf9716c5ce53,"{""appeal_probability"": 0.5, ""n_per_group"": 200000.0, ""rho_a"": 0.3, ""rho_b"": 0.0}",0.3,0.0,0.5,200000,absolute_error,0.0033350000000000116,synthetic,ALL,not_applicable,not_applicable
EXP-02,SYNTHETIC EXPERIMENT,1737,full,664a150484ed2af3,faba27740f5fafe1,"{""appeal_probability"": 0.5, ""n_per_group"": 200000.0, ""rho_a"": 0.3, ""rho_b"": 0.1}",0.3,0.1,0.5,200000,absolute_error,0.0010949999999999814,synthetic,ALL,not_applicable,not_applicable
EXP-02,SYNTHETIC EXPERIMENT,1737,full,664a150484ed2af3,5af8a72b4eb0d7c1,"{""appeal_probability"": 0.5, ""n_per_group"": 200000.0, ""rho_a"": 0.3, ""rho_b"": 0.2}",0.3,0.2,0.5,200000,absolute_error,0.0016750000000000792,synthetic,ALL,not_applicable,not_applicable
EXP-02,SYNTHETIC EXPERIMENT,1737,full,664a150484ed2af3,69258c5a2f136e5d,"{""appeal_probability"": 0.5, ""n_per_group"": 200000.0, ""rho_a"": 0.3, ""rho_b"": 0.3}",0.3,0.3,0.5,200000,absolute_error,0.0012050000000000116,synthetic,ALL,not_applicable,not_applicable
EXP-02,SYNTHETIC EXPERIMENT,1737,full,664a150484ed2af3,0178694d93c51081,"{""appeal_probability"": 0.5, ""n_per_group"": 200000.0, ""rho_a"": 0.3, ""rho_b"": 0.4}",0.3,0.4,0.5,200000,absolute_error,0.0014449999999999255,synthetic,ALL,not_applicable,not_applicable
EXP-02,SYNTHETIC EXPERIMENT,1737,full,664a150484ed2af3,5b254630bbbc503c,"{""appeal_probability"": 0.5, ""n_per_group"": 200000.0, ""rho_a"": 0.3, ""rho_b"": 0.5}",0.3,0.5,0.5,200000,absolute_error,0.00022500000000000991,synthetic,ALL,not_applicable,not_applicable
EXP-02,SYNTHETIC EXPERIMENT,1737,full,664a150484ed2af3,c03d5c2125727b69,"{""appeal_probability"": 0.5, ""n_per_group"": 200000.0, ""rho_a"": 0.3, ""rho_b"": 0.6}",0.3,0.6,0.5,200000,absolute_error,0.0024500000000000285,synthetic,ALL,not_applicable,not_applicable
EXP-02,SYNTHETIC EXPERIMENT,1737,full,664a150484ed2af3,664f57afebfd7da9,"{""appeal_probability"": 0.5, ""n_per_group"": 200000.0, ""rho_a"": 0.3, ""rho_b"": 0.7}",0.3,0.7,0.5,200000,absolute_error,0.0022550000000000694,synthetic,ALL,not_applicable,not_applicable
EXP-02,SYNTHETIC EXPERIMENT,1737,full,664a150484ed2af3,e112c55e927fd266,"{""appeal_probability"": 0.5, ""n_per_group"": 200000.0, ""rho_a"": 0.3, ""rho_b"": 0.8}",0.3,0.8,0.5,200000,absolute_error,0.0007199999999999984,synthetic,ALL,not_applicable,not_applicable
EXP-02,SYNTHETIC EXPERIMENT,1737,full,664a150484ed2af3,eac3d031fb5ed8cd,"{""appeal_probability"": 0.5, ""n_per_group"": 200000.0, ""rho_a"": 0.3, ""rho_b"": 0.9}",0.3,0.9,0.5,200000,absolute_error,0.003000000000000058,synthetic,ALL,not_applicable,not_applicable
EXP-02,SYNTHETIC EXPERIMENT,1737,full,664a150484ed2af3,2213397dc3a8e648,"{""appeal_probability"": 0.5, ""n_per_group"": 200000.0, ""rho_a"": 0.3, ""rho_b"": 1.0}",0.3,1.0,0.5,200000,absolute_error,0.0008250000000000479,synthetic,ALL,not_applicable,not_applicable
EXP-02,SYNTHETIC EXPERIMENT,1737,full,664a150484ed2af3,8a9d19d6cc8280fa,"{""appeal_probability"": 0.5, ""n_per_group"": 200000.0, ""rho_a"": 0.4, ""rho_b"": 0.0}",0.4,0.0,0.5,200000,absolute_error,0.0002599999999999686,synthetic,ALL,not_applicable,not_applicable
EXP-02,SYNTHETIC EXPERIMENT,1737,full,664a150484ed2af3,05988395930b3746,"{""appeal_probability"": 0.5, ""n_per_group"": 200000.0, ""rho_a"": 0.4, ""rho_b"": 0.1}",0.4,0.1,0.5,200000,absolute_error,0.0015199999999999936,synthetic,ALL,not_applicable,not_applicable
EXP-02,SYNTHETIC EXPERIMENT,1737,full,664a150484ed2af3,d0e37766bdebdf24,"{""appeal_probability"": 0.5, ""n_per_group"": 200000.0, ""rho_a"": 0.4, ""rho_b"": 0.2}",0.4,0.2,0.5,200000,absolute_error,0.0009249999999999745,synthetic,ALL,not_applicable,not_applicable
EXP-02,SYNTHETIC EXPERIMENT,1737,full,664a150484ed2af3,628575ac7e1650fd,"{""appeal_probability"": 0.5, ""n_per_group"": 200000.0, ""rho_a"": 0.4, ""rho_b"": 0.3}",0.4,0.3,0.5,200000,absolute_error,0.0009599999999999539,synthetic,ALL,not_applicable,not_applicable
EXP-02,SYNTHETIC EXPERIMENT,1737,full,664a150484ed2af3,aea08851c9b39811,"{""appeal_probability"": 0.5, ""n_per_group"": 200000.0, ""rho_a"": 0.4, ""rho_b"": 0.4}",0.4,0.4,0.5,200000,absolute_error,0.0005349999999999522,synthetic,ALL,not_applicable,not_applicable
EXP-02,SYNTHETIC EXPERIMENT,1737,full,664a150484ed2af3,193207b15adfd604,"{""appeal_probability"": 0.5, ""n_per_group"": 200000.0, ""rho_a"": 0.4, ""rho_b"": 0.5}",0.4,0.5,0.5,200000,absolute_error,0.00012999999999997736,synthetic,ALL,not_applicable,not_applicable
EXP-02,SYNTHETIC EXPERIMENT,1737,full,664a150484ed2af3,0ff0428d333f94e4,"{""appeal_probability"": 0.5, ""n_per_group"": 200000.0, ""rho_a"": 0.4, ""rho_b"": 0.6}",0.4,0.6,0.5,200000,absolute_error,0.0012600000000000111,synthetic,ALL,not_applicable,not_applicable
EXP-02,SYNTHETIC EXPERIMENT,1737,full,664a150484ed2af3,10546a5b7c1cdecb,"{""appeal_probability"": 0.5, ""n_per_group"": 200000.0, ""rho_a"": 0.4, ""rho_b"": 0.7}",0.4,0.7,0.5,200000,absolute_error,0.0014199999999999352,synthetic,ALL,not_applicable,not_applicable
EXP-02,SYNTHETIC EXPERIMENT,1737,full,664a150484ed2af3,ad76ce794733c875,"{""appeal_probability"": 0.5, ""n_per_group"": 200000.0, ""rho_a"": 0.4, ""rho_b"": 0.8}",0.4,0.8,0.5,200000,absolute_error,3.000000000004388e-05,synthetic,ALL,not_applicable,not_applicable
EXP-02,SYNTHETIC EXPERIMENT,1737,full,664a150484ed2af3,94c4644f0f1b7a32,"{""appeal_probability"": 0.5, ""n_per_group"": 200000.0, ""rho_a"": 0.4, ""rho_b"": 0.9}",0.4,0.9,0.5,200000,absolute_error,6.0000000000004494e-05,synthetic,ALL,not_applicable,not_applicable
EXP-02,SYNTHETIC EXPERIMENT,1737,full,664a150484ed2af3,7d93ab2421b215a6,"{""appeal_probability"": 0.5, ""n_per_group"": 200000.0, ""rho_a"": 0.4, ""rho_b"": 1.0}",0.4,1.0,0.5,200000,absolute_error,0.00023999999999997634,synthetic,ALL,not_applicable,not_applicable
EXP-02,SYNTHETIC EXPERIMENT,1737,full,664a150484ed2af3,21165b4c3d42f62c,"{""appeal_probability"": 0.5, ""n_per_group"": 200000.0, ""rho_a"": 0.5, ""rho_b"": 0.0}",0.5,0.0,0.5,200000,absolute_error,0.001624999999999932,synthetic,ALL,not_applicable,not_applicable
EXP-02,SYNTHETIC EXPERIMENT,1737,full,664a150484ed2af3,9c191ef7081458df,"{""appeal_probability"": 0.5, ""n_per_group"": 200000.0, ""rho_a"": 0.5, ""rho_b"": 0.1}",0.5,0.1,0.5,200000,absolute_error,0.0007149999999999795,synthetic,ALL,not_applicable,not_applicable
EXP-02,SYNTHETIC EXPERIMENT,1737,full,664a150484ed2af3,fc803628f5f554d9,"{""appeal_probability"": 0.5, ""n_per_group"": 200000.0, ""rho_a"": 0.5, ""rho_b"": 0.2}",0.5,0.2,0.5,200000,absolute_error,7.999999999993429e-05,synthetic,ALL,not_applicable,not_applicable
EXP-02,SYNTHETIC EXPERIMENT,1737,full,664a150484ed2af3,e4c3420af9c462d1,"{""appeal_probability"": 0.5, ""n_per_group"": 200000.0, ""rho_a"": 0.5, ""rho_b"": 0.3}",0.5,0.3,0.5,200000,absolute_error,0.0008949999999999583,synthetic,ALL,not_applicable,not_applicable
EXP-02,SYNTHETIC EXPERIMENT,1737,full,664a150484ed2af3,3f863d544909e3d5,"{""appeal_probability"": 0.5, ""n_per_group"": 200000.0, ""rho_a"": 0.5, ""rho_b"": 0.4}",0.5,0.4,0.5,200000,absolute_error,0.00026499999999994583,synthetic,ALL,not_applicable,not_applicable
EXP-02,SYNTHETIC EXPERIMENT,1737,full,664a150484ed2af3,2dedf7734ce6cc15,"{""appeal_probability"": 0.5, ""n_per_group"": 200000.0, ""rho_a"": 0.5, ""rho_b"": 0.5}",0.5,0.5,0.5,200000,absolute_error,1.0000000000065512e-05,synthetic,ALL,not_applicable,not_applicable
EXP-02,SYNTHETIC EXPERIMENT,1737,full,664a150484ed2af3,60a2c7657bd41d01,"{""appeal_probability"": 0.5, ""n_per_group"": 200000.0, ""rho_a"": 0.5, ""rho_b"": 0.6}",0.5,0.6,0.5,200000,absolute_error,0.0016849999999999504,synthetic,ALL,not_applicable,not_applicable
EXP-02,SYNTHETIC EXPERIMENT,1737,full,664a150484ed2af3,8228b144176b3d84,"{""appeal_probability"": 0.5, ""n_per_group"": 200000.0, ""rho_a"": 0.5, ""rho_b"": 0.7}",0.5,0.7,0.5,200000,absolute_error,0.001469999999999999,synthetic,ALL,not_applicable,not_applicable
EXP-02,SYNTHETIC EXPERIMENT,1737,full,664a150484ed2af3,c0782429368935a2,"{""appeal_probability"": 0.5, ""n_per_group"": 200000.0, ""rho_a"": 0.5, ""rho_b"": 0.8}",0.5,0.8,0.5,200000,absolute_error,0.0006349999999999689,synthetic,ALL,not_applicable,not_applicable
EXP-02,SYNTHETIC EXPERIMENT,1737,full,664a150484ed2af3,73f6122ef069290e,"{""appeal_probability"": 0.5, ""n_per_group"": 200000.0, ""rho_a"": 0.5, ""rho_b"": 0.9}",0.5,0.9,0.5,200000,absolute_error,0.0008249999999998953,synthetic,ALL,not_applicable,not_applicable
EXP-02,SYNTHETIC EXPERIMENT,1737,full,664a150484ed2af3,bda2615f081c352a,"{""appeal_probability"": 0.5, ""n_per_group"": 200000.0, ""rho_a"": 0.5, ""rho_b"": 1.0}",0.5,1.0,0.5,200000,absolute_error,0.003400000000000014,synthetic,ALL,not_applicable,not_applicable
EXP-02,SYNTHETIC EXPERIMENT,1737,full,664a150484ed2af3,22531d0ed7e7bb13,"{""appeal_probability"": 0.5, ""n_per_group"": 200000.0, ""rho_a"": 0.6, ""rho_b"": 0.0}",0.6,0.0,0.5,200000,absolute_error,0.0010049999999999643,synthetic,ALL,not_applicable,not_applicable
EXP-02,SYNTHETIC EXPERIMENT,1737,full,664a150484ed2af3,97feceb5c7306897,"{""appeal_probability"": 0.5, ""n_per_group"": 200000.0, ""rho_a"": 0.6, ""rho_b"": 0.1}",0.6,0.1,0.5,200000,absolute_error,0.0011699999999999489,synthetic,ALL,not_applicable,not_applicable
EXP-02,SYNTHETIC EXPERIMENT,1737,full,664a150484ed2af3,3af81c1f6cf3194a,"{""appeal_probability"": 0.5, ""n_per_group"": 200000.0, ""rho_a"": 0.6, ""rho_b"": 0.2}",0.6,0.2,0.5,200000,absolute_error,0.0010100000000000178,synthetic,ALL,not_applicable,not_applicable
EXP-02,SYNTHETIC EXPERIMENT,1737,full,664a150484ed2af3,a7edd86d8981df1f,"{""appeal_probability"": 0.5, ""n_per_group"": 200000.0, ""rho_a"": 0.6, ""rho_b"": 0.3}",0.6,0.3,0.5,200000,absolute_error,0.0005500000000000158,synthetic,ALL,not_applicable,not_applicable
EXP-02,SYNTHETIC EXPERIMENT,1737,full,664a150484ed2af3,64fda179a6c4c6d6,"{""appeal_probability"": 0.5, ""n_per_group"": 200000.0, ""rho_a"": 0.6, ""rho_b"": 0.4}",0.6,0.4,0.5,200000,absolute_error,0.0007149999999999934,synthetic,ALL,not_applicable,not_applicable
EXP-02,SYNTHETIC EXPERIMENT,1737,full,664a150484ed2af3,bed113e4b3119f41,"{""appeal_probability"": 0.5, ""n_per_group"": 200000.0, ""rho_a"": 0.6, ""rho_b"": 0.5}",0.6,0.5,0.5,200000,absolute_error,0.0005900000000000766,synthetic,ALL,not_applicable,not_applicable
EXP-02,SYNTHETIC EXPERIMENT,1737,full,664a150484ed2af3,72661b835bf7af63,"{""appeal_probability"": 0.5, ""n_per_group"": 200000.0, ""rho_a"": 0.6, ""rho_b"": 0.6}",0.6,0.6,0.5,200000,absolute_error,0.002695000000000003,synthetic,ALL,not_applicable,not_applicable
EXP-02,SYNTHETIC EXPERIMENT,1737,full,664a150484ed2af3,c9aca828f8c2af22,"{""appeal_probability"": 0.5, ""n_per_group"": 200000.0, ""rho_a"": 0.6, ""rho_b"": 0.7}",0.6,0.7,0.5,200000,absolute_error,2.9999999999960614e-05,synthetic,ALL,not_applicable,not_applicable
EXP-02,SYNTHETIC EXPERIMENT,1737,full,664a150484ed2af3,fb55591aefebd3cf,"{""appeal_probability"": 0.5, ""n_per_group"": 200000.0, ""rho_a"": 0.6, ""rho_b"": 0.8}",0.6,0.8,0.5,200000,absolute_error,0.0011050000000000365,synthetic,ALL,not_applicable,not_applicable
EXP-02,SYNTHETIC EXPERIMENT,1737,full,664a150484ed2af3,e110e020a55d5939,"{""appeal_probability"": 0.5, ""n_per_group"": 200000.0, ""rho_a"": 0.6, ""rho_b"": 0.9}",0.6,0.9,0.5,200000,absolute_error,0.00030500000000002747,synthetic,ALL,not_applicable,not_applicable
EXP-02,SYNTHETIC EXPERIMENT,1737,full,664a150484ed2af3,9dd7e61f8a5f91aa,"{""appeal_probability"": 0.5, ""n_per_group"": 200000.0, ""rho_a"": 0.6, ""rho_b"": 1.0}",0.6,1.0,0.5,200000,absolute_error,0.0010650000000000243,synthetic,ALL,not_applicable,not_applicable
EXP-02,SYNTHETIC EXPERIMENT,1737,full,664a150484ed2af3,3d0393c7df5c3e8c,"{""appeal_probability"": 0.5, ""n_per_group"": 200000.0, ""rho_a"": 0.7, ""rho_b"": 0.0}",0.7,0.0,0.5,200000,absolute_error,0.0022650000000001003,synthetic,ALL,not_applicable,not_applicable
EXP-02,SYNTHETIC EXPERIMENT,1737,full,664a150484ed2af3,3df3220e7ee7fa4f,"{""appeal_probability"": 0.5, ""n_per_group"": 200000.0, ""rho_a"": 0.7, ""rho_b"": 0.1}",0.7,0.1,0.5,200000,absolute_error,0.0006199999999999956,synthetic,ALL,not_applicable,not_applicable
EXP-02,SYNTHETIC EXPERIMENT,1737,full,664a150484ed2af3,c791a91ba4abd8e6,"{""appeal_probability"": 0.5, ""n_per_group"": 200000.0, ""rho_a"": 0.7, ""rho_b"": 0.2}",0.7,0.2,0.5,200000,absolute_error,0.0006899999999999268,synthetic,ALL,not_applicable,not_applicable
EXP-02,SYNTHETIC EXPERIMENT,1737,full,664a150484ed2af3,0253206bfd4f2b2b,"{""appeal_probability"": 0.5, ""n_per_group"": 200000.0, ""rho_a"": 0.7, ""rho_b"": 0.3}",0.7,0.3,0.5,200000,absolute_error,0.0003750000000000628,synthetic,ALL,not_applicable,not_applicable
EXP-02,SYNTHETIC EXPERIMENT,1737,full,664a150484ed2af3,e169739ed6dd7b86,"{""appeal_probability"": 0.5, ""n_per_group"": 200000.0, ""rho_a"": 0.7, ""rho_b"": 0.4}",0.7,0.4,0.5,200000,absolute_error,0.00028999999999997084,synthetic,ALL,not_applicable,not_applicable
EXP-02,SYNTHETIC EXPERIMENT,1737,full,664a150484ed2af3,43aecebe4b27d744,"{""appeal_probability"": 0.5, ""n_per_group"": 200000.0, ""rho_a"": 0.7, ""rho_b"": 0.5}",0.7,0.5,0.5,200000,absolute_error,0.0026649999999998897,synthetic,ALL,not_applicable,not_applicable
EXP-02,SYNTHETIC EXPERIMENT,1737,full,664a150484ed2af3,f92751b7e949137a,"{""appeal_probability"": 0.5, ""n_per_group"": 200000.0, ""rho_a"": 0.7, ""rho_b"": 0.6}",0.7,0.6,0.5,200000,absolute_error,0.001274999999999929,synthetic,ALL,not_applicable,not_applicable
EXP-02,SYNTHETIC EXPERIMENT,1737,full,664a150484ed2af3,78bafc9d3355be7c,"{""appeal_probability"": 0.5, ""n_per_group"": 200000.0, ""rho_a"": 0.7, ""rho_b"": 0.7}",0.7,0.7,0.5,200000,absolute_error,0.0018699999999999273,synthetic,ALL,not_applicable,not_applicable
EXP-02,SYNTHETIC EXPERIMENT,1737,full,664a150484ed2af3,099a785a1bde3663,"{""appeal_probability"": 0.5, ""n_per_group"": 200000.0, ""rho_a"": 0.7, ""rho_b"": 0.8}",0.7,0.8,0.5,200000,absolute_error,6.499999999998e-05,synthetic,ALL,not_applicable,not_applicable
EXP-02,SYNTHETIC EXPERIMENT,1737,full,664a150484ed2af3,6c8112178a3a6cc2,"{""appeal_probability"": 0.5, ""n_per_group"": 200000.0, ""rho_a"": 0.7, ""rho_b"": 0.9}",0.7,0.9,0.5,200000,absolute_error,0.00030999999999993533,synthetic,ALL,not_applicable,not_applicable
EXP-02,SYNTHETIC EXPERIMENT,1737,full,664a150484ed2af3,aeb6c97be057314f,"{""appeal_probability"": 0.5, ""n_per_group"": 200000.0, ""rho_a"": 0.7, ""rho_b"": 1.0}",0.7,1.0,0.5,200000,absolute_error,0.000195000000000084,synthetic,ALL,not_applicable,not_applicable
EXP-02,SYNTHETIC EXPERIMENT,1737,full,664a150484ed2af3,e4e7ab32b21f0d9a,"{""appeal_probability"": 0.5, ""n_per_group"": 200000.0, ""rho_a"": 0.8, ""rho_b"": 0.0}",0.8,0.0,0.5,200000,absolute_error,0.001579999999999887,synthetic,ALL,not_applicable,not_applicable
EXP-02,SYNTHETIC EXPERIMENT,1737,full,664a150484ed2af3,8fa1bc197628a877,"{""appeal_probability"": 0.5, ""n_per_group"": 200000.0, ""rho_a"": 0.8, ""rho_b"": 0.1}",0.8,0.1,0.5,200000,absolute_error,0.0003800000000000886,synthetic,ALL,not_applicable,not_applicable
EXP-02,SYNTHETIC EXPERIMENT,1737,full,664a150484ed2af3,7a5b9a56f1be084d,"{""appeal_probability"": 0.5, ""n_per_group"": 200000.0, ""rho_a"": 0.8, ""rho_b"": 0.2}",0.8,0.2,0.5,200000,absolute_error,0.0015299999999999758,synthetic,ALL,not_applicable,not_applicable
EXP-02,SYNTHETIC EXPERIMENT,1737,full,664a150484ed2af3,ce319f5961eb4c4a,"{""appeal_probability"": 0.5, ""n_per_group"": 200000.0, ""rho_a"": 0.8, ""rho_b"": 0.3}",0.8,0.3,0.5,200000,absolute_error,5.500000000008276e-05,synthetic,ALL,not_applicable,not_applicable
EXP-02,SYNTHETIC EXPERIMENT,1737,full,664a150484ed2af3,c0466a0fc6068a1f,"{""appeal_probability"": 0.5, ""n_per_group"": 200000.0, ""rho_a"": 0.8, ""rho_b"": 0.4}",0.8,0.4,0.5,200000,absolute_error,0.00033999999999996533,synthetic,ALL,not_applicable,not_applicable
EXP-02,SYNTHETIC EXPERIMENT,1737,full,664a150484ed2af3,cb3e895029164d3a,"{""appeal_probability"": 0.5, ""n_per_group"": 200000.0, ""rho_a"": 0.8, ""rho_b"": 0.5}",0.8,0.5,0.5,200000,absolute_error,0.0012250000000000039,synthetic,ALL,not_applicable,not_applicable
EXP-02,SYNTHETIC EXPERIMENT,1737,full,664a150484ed2af3,7c1d04aca593c1e4,"{""appeal_probability"": 0.5, ""n_per_group"": 200000.0, ""rho_a"": 0.8, ""rho_b"": 0.6}",0.8,0.6,0.5,200000,absolute_error,0.0007700000000000623,synthetic,ALL,not_applicable,not_applicable
EXP-02,SYNTHETIC EXPERIMENT,1737,full,664a150484ed2af3,0355ba2f014848b0,"{""appeal_probability"": 0.5, ""n_per_group"": 200000.0, ""rho_a"": 0.8, ""rho_b"": 0.7}",0.8,0.7,0.5,200000,absolute_error,0.0005849999999999484,synthetic,ALL,not_applicable,not_applicable
EXP-02,SYNTHETIC EXPERIMENT,1737,full,664a150484ed2af3,f4b2c269ea8eff02,"{""appeal_probability"": 0.5, ""n_per_group"": 200000.0, ""rho_a"": 0.8, ""rho_b"": 0.8}",0.8,0.8,0.5,200000,absolute_error,0.0020900000000000363,synthetic,ALL,not_applicable,not_applicable
EXP-02,SYNTHETIC EXPERIMENT,1737,full,664a150484ed2af3,fdb42704ad3aa85f,"{""appeal_probability"": 0.5, ""n_per_group"": 200000.0, ""rho_a"": 0.8, ""rho_b"": 0.9}",0.8,0.9,0.5,200000,absolute_error,0.0013349999999999612,synthetic,ALL,not_applicable,not_applicable
EXP-02,SYNTHETIC EXPERIMENT,1737,full,664a150484ed2af3,520154c86a5e0d00,"{""appeal_probability"": 0.5, ""n_per_group"": 200000.0, ""rho_a"": 0.8, ""rho_b"": 1.0}",0.8,1.0,0.5,200000,absolute_error,0.0019699999999999995,synthetic,ALL,not_applicable,not_applicable
EXP-02,SYNTHETIC EXPERIMENT,1737,full,664a150484ed2af3,adc0366fc585c698,"{""appeal_probability"": 0.5, ""n_per_group"": 200000.0, ""rho_a"": 0.9, ""rho_b"": 0.0}",0.9,0.0,0.5,200000,absolute_error,0.0006249999999999589,synthetic,ALL,not_applicable,not_applicable
EXP-02,SYNTHETIC EXPERIMENT,1737,full,664a150484ed2af3,338cb4e3b376d17e,"{""appeal_probability"": 0.5, ""n_per_group"": 200000.0, ""rho_a"": 0.9, ""rho_b"": 0.1}",0.9,0.1,0.5,200000,absolute_error,0.00043500000000004646,synthetic,ALL,not_applicable,not_applicable
EXP-02,SYNTHETIC EXPERIMENT,1737,full,664a150484ed2af3,28a83485be70ac4a,"{""appeal_probability"": 0.5, ""n_per_group"": 200000.0, ""rho_a"": 0.9, ""rho_b"": 0.2}",0.9,0.2,0.5,200000,absolute_error,0.0008249999999999369,synthetic,ALL,not_applicable,not_applicable
EXP-02,SYNTHETIC EXPERIMENT,1737,full,664a150484ed2af3,fb15f4e90091e93a,"{""appeal_probability"": 0.5, ""n_per_group"": 200000.0, ""rho_a"": 0.9, ""rho_b"": 0.3}",0.9,0.3,0.5,200000,absolute_error,0.0005299999999999749,synthetic,ALL,not_applicable,not_applicable
EXP-02,SYNTHETIC EXPERIMENT,1737,full,664a150484ed2af3,2bd909a9f50f6342,"{""appeal_probability"": 0.5, ""n_per_group"": 200000.0, ""rho_a"": 0.9, ""rho_b"": 0.4}",0.9,0.4,0.5,200000,absolute_error,0.0004050000000000442,synthetic,ALL,not_applicable,not_applicable
EXP-02,SYNTHETIC EXPERIMENT,1737,full,664a150484ed2af3,1c6d2980f2762ede,"{""appeal_probability"": 0.5, ""n_per_group"": 200000.0, ""rho_a"": 0.9, ""rho_b"": 0.5}",0.9,0.5,0.5,200000,absolute_error,0.0009249999999999953,synthetic,ALL,not_applicable,not_applicable
EXP-02,SYNTHETIC EXPERIMENT,1737,full,664a150484ed2af3,da3a124848783a35,"{""appeal_probability"": 0.5, ""n_per_group"": 200000.0, ""rho_a"": 0.9, ""rho_b"": 0.6}",0.9,0.6,0.5,200000,absolute_error,0.0029700000000000004,synthetic,ALL,not_applicable,not_applicable
EXP-02,SYNTHETIC EXPERIMENT,1737,full,664a150484ed2af3,6236ff27127adc1b,"{""appeal_probability"": 0.5, ""n_per_group"": 200000.0, ""rho_a"": 0.9, ""rho_b"": 0.7}",0.9,0.7,0.5,200000,absolute_error,0.0013450000000000267,synthetic,ALL,not_applicable,not_applicable
EXP-02,SYNTHETIC EXPERIMENT,1737,full,664a150484ed2af3,b74771b6ce4fdc41,"{""appeal_probability"": 0.5, ""n_per_group"": 200000.0, ""rho_a"": 0.9, ""rho_b"": 0.8}",0.9,0.8,0.5,200000,absolute_error,0.00047499999999990605,synthetic,ALL,not_applicable,not_applicable
EXP-02,SYNTHETIC EXPERIMENT,1737,full,664a150484ed2af3,8c165f15ec91a749,"{""appeal_probability"": 0.5, ""n_per_group"": 200000.0, ""rho_a"": 0.9, ""rho_b"": 0.9}",0.9,0.9,0.5,200000,absolute_error,0.0002449999999999397,synthetic,ALL,not_applicable,not_applicable
EXP-02,SYNTHETIC EXPERIMENT,1737,full,664a150484ed2af3,a98e036303548748,"{""appeal_probability"": 0.5, ""n_per_group"": 200000.0, ""rho_a"": 0.9, ""rho_b"": 1.0}",0.9,1.0,0.5,200000,absolute_error,0.0010849999999999888,synthetic,ALL,not_applicable,not_applicable
EXP-02,SYNTHETIC EXPERIMENT,1737,full,664a150484ed2af3,58d62102bfab66e2,"{""appeal_probability"": 0.5, ""n_per_group"": 200000.0, ""rho_a"": 1.0, ""rho_b"": 0.0}",1.0,0.0,0.5,200000,absolute_error,0.0002700000000001035,synthetic,ALL,not_applicable,not_applicable
EXP-02,SYNTHETIC EXPERIMENT,1737,full,664a150484ed2af3,0a2cf6a9af223699,"{""appeal_probability"": 0.5, ""n_per_group"": 200000.0, ""rho_a"": 1.0, ""rho_b"": 0.1}",1.0,0.1,0.5,200000,absolute_error,0.0008650000000000324,synthetic,ALL,not_applicable,not_applicable
EXP-02,SYNTHETIC EXPERIMENT,1737,full,664a150484ed2af3,770f43f13c53f7c8,"{""appeal_probability"": 0.5, ""n_per_group"": 200000.0, ""rho_a"": 1.0, ""rho_b"": 0.2}",1.0,0.2,0.5,200000,absolute_error,0.0007450000000000234,synthetic,ALL,not_applicable,not_applicable
EXP-02,SYNTHETIC EXPERIMENT,1737,full,664a150484ed2af3,f94d20793cc846c6,"{""appeal_probability"": 0.5, ""n_per_group"": 200000.0, ""rho_a"": 1.0, ""rho_b"": 0.3}",1.0,0.3,0.5,200000,absolute_error,0.0008350000000000579,synthetic,ALL,not_applicable,not_applicable
EXP-02,SYNTHETIC EXPERIMENT,1737,full,664a150484ed2af3,04751555e6c3ce2a,"{""appeal_probability"": 0.5, ""n_per_group"": 200000.0, ""rho_a"": 1.0, ""rho_b"": 0.4}",1.0,0.4,0.5,200000,absolute_error,0.001009999999999997,synthetic,ALL,not_applicable,not_applicable
EXP-02,SYNTHETIC EXPERIMENT,1737,full,664a150484ed2af3,5b95ad51e3ae326e,"{""appeal_probability"": 0.5, ""n_per_group"": 200000.0, ""rho_a"": 1.0, ""rho_b"": 0.5}",1.0,0.5,0.5,200000,absolute_error,0.0011899999999999689,synthetic,ALL,not_applicable,not_applicable
EXP-02,SYNTHETIC EXPERIMENT,1737,full,664a150484ed2af3,7e6e3935e4d40393,"{""appeal_probability"": 0.5, ""n_per_group"": 200000.0, ""rho_a"": 1.0, ""rho_b"": 0.6}",1.0,0.6,0.5,200000,absolute_error,0.00033500000000001584,synthetic,ALL,not_applicable,not_applicable
EXP-02,SYNTHETIC EXPERIMENT,1737,full,664a150484ed2af3,1eaebe6991e2156e,"{""appeal_probability"": 0.5, ""n_per_group"": 200000.0, ""rho_a"": 1.0, ""rho_b"": 0.7}",1.0,0.7,0.5,200000,absolute_error,0.0012450000000000239,synthetic,ALL,not_applicable,not_applicable
EXP-02,SYNTHETIC EXPERIMENT,1737,full,664a150484ed2af3,410aa5ea0b4d0b26,"{""appeal_probability"": 0.5, ""n_per_group"": 200000.0, ""rho_a"": 1.0, ""rho_b"": 0.8}",1.0,0.8,0.5,200000,absolute_error,0.000135000000000024,synthetic,ALL,not_applicable,not_applicable
EXP-02,SYNTHETIC EXPERIMENT,1737,full,664a150484ed2af3,3b0f20b70c8cec86,"{""appeal_probability"": 0.5, ""n_per_group"": 200000.0, ""rho_a"": 1.0, ""rho_b"": 0.9}",1.0,0.9,0.5,200000,absolute_error,0.00011499999999996235,synthetic,ALL,not_applicable,not_applicable
EXP-02,SYNTHETIC EXPERIMENT,1737,full,664a150484ed2af3,ea8069bcb0b60c2a,"{""appeal_probability"": 0.5, ""n_per_group"": 200000.0, ""rho_a"": 1.0, ""rho_b"": 1.0}",1.0,1.0,0.5,200000,absolute_error,0.0002950000000000452,synthetic,ALL,not_applicable,not_applicable
